class_id,class_name,intro_session,0:house finch,1:robin,2:triceratops,3:green mamba,4:harvestman,5:toucan,6:goose,7:jellyfish,8:nematode,9:king crab,10:dugong,11:Walker hound,12:Ibizan hound,13:Saluki,14:golden retriever,15:Gordon setter,16:komondor,17:boxer,18:Tibetan mastiff,19:French bulldog,20:malamute,21:dalmatian,22:Newfoundland,23:miniature poodle,24:white wolf,25:African hunting dog,26:Arctic fox,27:lion,28:meerkat,29:ladybug,30:rhinoceros beetle,31:ant,32:black-footed ferret,33:three-toed sloth,34:rock beauty,35:aircraft carrier,36:ashcan,37:barrel,38:beer bottle,39:bookshop,40:cannon,41:carousel,42:carton,43:catamaran,44:chime,45:clog,46:cocktail shaker,47:combination lock,48:crate,49:cuirass,50:dishrag,51:dome,52:electric guitar,53:file,54:fire screen,55:frying pan,56:garbage truck,57:hair slide,58:holster,59:horizontal bar,60:hourglass,61:iPod,62:lipstick,63:miniskirt,64:missile,65:mixing bowl,66:oboe,67:organ,68:parallel bars,69:pencil box,70:photocopier,71:poncho,72:prayer rug,73:reel,74:school bus,75:scoreboard,76:slot,77:snorkel,78:solar dish,79:spider web,80:stage,81:tank,82:theater curtain,83:tile roof,84:tobacco shop,85:unicycle,86:upright,87:vase,88:wok,89:worm fence,90:yawl,91:street sign,92:consomme,93:trifle,94:hotdog,95:orange,96:cliff,97:coral reef,98:bolete,99:ear
0,house finch,0,1.000000,0.055123,-0.021741,0.009506,0.060460,0.008346,0.051227,0.002120,0.017852,0.052471,0.030257,0.001917,-0.018357,0.013784,0.015435,0.025838,0.078998,0.009132,0.004621,0.026256,-0.008164,-0.009254,0.015904,0.042274,0.006339,0.025526,-0.004206,0.030652,0.011697,0.068638,0.028173,0.053771,-0.032929,0.118863,-0.017009,0.037980,-0.008386,-0.000447,0.006852,-0.007188,-0.041478,0.003768,0.012214,-0.010845,0.008465,0.026705,0.031914,-0.039315,0.028103,-0.003945,-0.007625,-0.022803,0.007426,0.011487,0.023649,-0.009977,-0.008762,0.005586,-0.006794,0.000834,0.037756,-0.003423,0.005601,-0.009647,0.008367,-0.049416,-0.025069,-0.011918,0.020884,0.006028,0.011569,0.010083,-0.048549,-0.007489,0.054912,-0.022287,-0.036401,0.017328,-0.011788,0.002288,0.002081,-0.005211,0.045140,0.044048,-0.036568,-0.049335,-0.005777,-0.011123,0.007674,-0.003545,-0.006481,-0.045425,-0.000222,0.027655,0.042463,-0.025549,-0.034713,0.015344,0.034603,-0.012694
1,robin,0,0.055123,1.000000,-0.003472,0.025964,0.058829,-0.006076,0.046207,0.013638,0.044324,-0.005843,0.001193,0.029572,0.006171,0.006698,0.016305,0.039370,0.047480,0.069690,0.081675,0.012556,-0.036401,-0.064489,0.060743,-0.051902,-0.005734,-0.019633,-0.028935,0.028147,0.030398,0.017982,0.030825,0.082517,0.048887,0.026516,0.025006,0.079126,-0.049821,-0.013207,0.036452,0.004677,-0.000507,-0.016630,0.019090,0.025357,0.017954,0.016579,0.050674,0.034632,-0.042179,0.019452,0.015199,-0.016549,0.004355,-0.002814,-0.034743,-0.021980,0.037789,-0.001598,0.004392,-0.022048,0.060760,-0.050825,-0.022728,0.071991,0.045975,0.053544,-0.031072,0.073197,-0.004298,0.015111,-0.021622,0.029335,-0.018375,-0.039162,-0.000686,0.069430,0.018009,-0.009112,0.013108,0.033911,0.024559,-0.016836,-0.007002,0.017850,0.017766,-0.022182,-0.000122,0.010655,-0.011552,0.042592,0.034739,0.011997,-0.021168,0.004364,0.053612,0.109423,-0.002799,0.020605,0.040374,0.033001
2,triceratops,0,-0.021741,-0.003472,1.000000,0.041917,-0.021361,0.069577,-0.005605,-0.008796,0.035881,0.109549,0.076298,0.007217,0.015682,0.000273,0.039084,0.038694,0.023517,0.007539,0.033317,0.046239,-0.003815,0.031158,0.050428,-0.006959,0.073621,0.055691,0.017665,0.020043,0.086826,0.063205,0.167074,0.026838,-0.000311,0.053145,0.024953,0.006303,0.034454,0.026529,0.025530,0.042197,0.077433,0.131623,0.014320,-0.018179,0.006723,0.067910,-0.011173,-0.000118,0.026991,0.073237,0.003659,0.002943,0.030123,0.023793,0.050134,0.017391,0.001654,0.037955,-0.011484,0.018555,-0.024703,-0.021921,0.029759,0.043142,0.075665,0.028121,-0.011763,0.102167,0.001577,0.066752,0.014572,0.022223,-0.046903,0.014028,0.021951,0.086059,0.012902,0.029229,-0.001148,0.046427,0.080214,0.027748,0.056477,0.045791,-0.053076,0.056954,0.014072,0.065181,0.008060,0.083767,0.003715,-0.015368,0.017334,0.047113,0.020799,0.023436,0.018302,0.019973,-0.027059,0.010211
3,green mamba,0,0.009506,0.025964,0.041917,1.000000,0.060021,0.096220,0.033638,0.033596,0.053325,0.081917,0.094327,0.023562,0.053033,0.049898,0.034239,-0.031223,0.040856,-0.016474,0.039815,-0.067572,-0.002680,-0.060750,0.034329,-0.001661,0.064338,0.056621,0.081050,0.053151,0.072566,0.011419,0.045356,0.021662,0.050575,0.050110,0.027334,0.063210,0.038588,-0.009138,0.060119,0.045540,0.084828,0.019206,0.025350,0.017189,-0.002311,0.034141,0.005266,0.018790,-0.010961,0.045592,0.027268,-0.005751,0.040490,-0.009090,0.000891,0.062358,0.009882,-0.032819,0.046114,0.035339,-0.017873,0.003387,0.023860,0.025542,0.054306,0.037518,-0.004754,-0.023654,0.037362,0.055648,0.077401,0.016018,-0.015088,-0.028234,-0.024335,0.041969,-0.004864,0.024402,-0.014089,0.070365,0.020748,0.050295,0.001043,-0.031777,0.017219,0.042169,-0.020450,0.019633,0.068096,0.064706,0.008718,0.026113,0.040653,0.017411,-0.013338,-0.020421,-0.027086,0.016898,0.054467,-0.013721
4,harvestman,0,0.060460,0.058829,-0.021361,0.060021,1.000000,0.021075,0.086444,0.055509,0.023587,0.185251,-0.027257,-0.016148,0.009420,0.054969,0.018250,0.003115,0.043084,0.089288,0.030216,0.008233,0.034106,0.001583,0.013947,0.044821,-0.012766,0.011141,-0.008473,0.068915,0.018612,0.082768,-0.011172,0.269328,-0.002544,0.115254,-0.009948,0.009102,0.005530,0.053622,0.034854,0.020108,-0.041435,-0.027328,0.011094,-0.036581,0.002273,0.005089,-0.016122,0.039642,0.041475,-0.022347,-0.024732,0.020696,0.027444,0.039971,0.038564,0.041932,0.010464,0.047354,-0.013075,-0.001621,0.048305,-0.011244,-0.026143,0.025600,-0.028578,0.029861,-0.032964,0.060963,0.009080,-0.023471,0.059863,-0.039666,-0.000577,0.012091,-0.003432,-0.035494,-0.015002,-0.028217,-0.009414,0.143799,0.031616,-0.051869,0.035322,0.000408,-0.020945,0.011472,0.021917,0.012689,-0.002332,0.037581,-0.049789,-0.043875,0.016704,-0.001171,0.036221,-0.003203,0.007325,0.062839,0.048137,0.001093
5,toucan,0,0.008346,-0.006076,0.069577,0.096220,0.021075,1.000000,0.055705,-0.026568,0.011222,0.013196,0.019074,0.066987,0.015626,0.024505,0.044304,0.073156,0.049026,0.086890,0.036930,0.080300,0.084936,0.007726,0.020244,0.012076,0.001309,0.073472,0.011091,0.064309,0.019762,0.031765,0.065979,0.048811,0.065818,0.074028,0.101854,-0.003834,-0.024325,-0.004089,0.019877,-0.040997,-0.017913,0.053130,-0.023365,0.033010,0.010810,0.012416,-0.051497,-0.000878,-0.008659,-0.013063,-0.009430,-0.031181,0.062832,0.004025,0.021701,0.001654,-0.009554,0.053121,-0.028205,0.077769,-0.010349,0.020976,0.074990,0.021721,0.008596,-0.003029,-0.033500,0.017190,0.055593,0.046886,0.044667,-0.005610,-0.017678,0.006942,0.065265,0.013273,0.000212,0.037876,-0.006076,0.012728,0.033499,-0.049488,0.012249,-0.008422,-0.032219,0.028581,0.039397,0.015515,0.005480,0.058434,0.007652,0.006043,-0.002360,-0.004866,-0.000824,0.037187,0.047953,-0.028481,0.041842,0.035005
6,goose,0,0.051227,0.046207,-0.005605,0.033638,0.086444,0.055705,1.000000,-0.001385,-0.000284,0.000846,0.039480,0.023801,0.022066,0.024534,0.077501,0.019681,0.067287,0.043966,0.073691,0.010390,0.039272,-0.022527,0.031054,0.063124,-0.001140,0.009459,0.029456,0.045602,0.073471,0.045574,0.069752,0.050312,0.084269,0.088847,0.018458,0.054883,-0.022125,-0.053267,0.017019,-0.037161,0.000358,0.013159,0.021599,0.015478,-0.004257,0.056749,0.041906,0.011420,-0.024945,0.015003,-0.010412,0.051485,-0.027601,0.009935,0.061665,0.057910,0.044825,0.018819,0.038011,0.011560,0.048552,0.026438,-0.027256,0.020427,0.037858,-0.030102,0.011578,0.039410,0.004946,0.023131,-0.004108,0.025506,-0.014909,-0.029015,0.002862,0.026929,0.007172,-0.001630,-0.010145,0.041074,0.017181,-0.001103,0.025559,0.034214,-0.055821,0.034291,0.042610,0.037763,0.055538,0.025316,0.050518,-0.006445,-0.021862,0.010650,0.019033,-0.025727,-0.046999,0.030060,0.025723,0.008902
7,jellyfish,0,0.002120,0.013638,-0.008796,0.033596,0.055509,-0.026568,-0.001385,1.000000,0.184630,0.025154,0.126046,-0.016257,-0.002106,0.028855,0.028133,0.014605,0.014775,0.019493,0.045546,0.024972,0.034410,-0.044697,-0.006604,0.016486,-0.017532,0.018312,-0.021314,0.064946,0.005867,0.027491,-0.048929,0.011113,0.004805,0.037291,0.019765,-0.002308,0.029965,-0.014081,0.061862,-0.013719,0.009898,-0.002225,0.016084,0.052041,0.019185,-0.004947,-0.020941,0.031728,-0.038832,-0.003794,-0.042386,0.124935,-0.007425,-0.011301,0.010097,0.002625,0.050089,0.059342,0.030038,-0.079345,0.282295,0.025067,-0.053908,0.015441,0.022343,0.039030,-0.039727,-0.028831,-0.077447,0.002358,-0.002802,-0.039015,0.045795,0.052967,0.068880,-0.043994,-0.005790,0.096411,0.013733,0.065409,0.041579,0.066248,0.057033,0.012135,0.010719,0.025970,0.016639,0.069303,-0.038191,-0.025613,0.014700,-0.023633,0.070614,0.043974,0.051794,0.095013,-0.001604,0.128060,0.089119,0.035736
8,nematode,0,0.017852,0.044324,0.035881,0.053325,0.023587,0.011222,-0.000284,0.184630,1.000000,-0.035330,0.060948,0.012548,0.046408,0.080103,0.001957,-0.041845,0.025541,0.058985,-0.014240,-0.002297,0.053553,0.002106,-0.009378,0.005998,0.044371,0.013867,0.064036,0.004126,0.040483,0.054093,0.009404,0.066250,0.066350,-0.017279,0.017084,-0.026882,-0.023917,0.008697,0.018538,0.006390,-0.007068,-0.008991,-0.033483,-0.021612,0.044501,0.035733,0.032004,0.013771,0.010441,-0.008189,0.009000,0.025480,0.002355,-0.011426,-0.021521,0.046000,0.007966,0.051812,0.038211,-0.009633,0.051253,0.024057,0.037452,-0.008861,0.023488,0.028803,0.055727,0.018069,-0.020197,0.021112,-0.011960,-0.028107,0.037452,-0.006927,0.005788,-0.013488,0.008806,0.053223,0.021428,0.022271,0.052874,-0.001650,0.035850,0.008686,0.057021,0.003865,0.037160,0.025576,0.014401,-0.013581,-0.047863,-0.014618,0.048791,-0.013013,0.033017,0.043862,0.020937,-0.021411,0.080993,0.050873
9,king crab,0,0.052471,-0.005843,0.109549,0.081917,0.185251,0.013196,0.000846,0.025154,-0.035330,1.000000,0.027734,0.038658,0.025928,0.015367,0.029824,0.004189,0.070548,0.015598,-0.012417,0.004782,0.018294,-0.004665,-0.003546,0.053620,0.043875,-0.035069,-0.008071,-0.001536,-0.004543,0.030101,0.068450,0.036494,-0.007902,0.026864,0.023977,0.009783,-0.008601,0.012192,-0.000203,-0.004110,0.024523,0.031268,0.004784,0.029518,0.032378,-0.032410,-0.030505,-0.025427,0.018389,0.009736,0.013103,0.003893,-0.011314,0.028318,-0.045208,0.066908,-0.002732,0.008541,-0.020672,0.031523,-0.039295,-0.024603,0.003352,-0.061900,-0.022163,-0.004118,0.029065,-0.015834,0.017973,0.012366,0.043544,0.006433,-0.008545,-0.006535,-0.018582,-0.010090,-0.011477,0.034255,-0.068696,0.058112,0.021527,0.048835,0.047804,0.027634,0.017273,0.014261,-0.013306,-0.002010,0.055284,0.032571,0.037045,0.051223,0.050519,0.058002,0.015506,0.026673,-0.007610,0.052233,0.047600,-0.023042
10,dugong,0,0.030257,0.001193,0.076298,0.094327,-0.027257,0.019074,0.039480,0.126046,0.060948,0.027734,1.000000,0.037258,-0.006907,-0.020099,-0.016130,-0.032783,0.092051,0.060069,-0.026301,0.043016,-0.032815,0.031212,-0.005807,0.006159,0.036694,0.074140,0.020322,0.029085,-0.075156,0.014489,0.052170,0.035909,0.043256,0.049000,0.124136,0.051983,0.022813,0.000201,0.028337,-0.012075,0.137227,0.028027,0.015009,0.027953,0.033244,0.041738,-0.009295,0.000817,-0.014761,0.016868,-0.057997,-0.022123,-0.043726,-0.011879,-0.023457,0.029184,0.031514,0.024392,-0.032788,0.037610,0.003174,-0.004240,-0.041328,0.020511,0.003090,0.042223,-0.010933,0.013840,0.024792,0.028986,0.012623,-0.024142,-0.008946,0.033427,0.038162,-0.016832,0.019608,0.194409,-0.025197,0.023322,-0.007829,-0.012873,0.051830,0.022141,-0.001707,-0.012829,0.050898,0.008431,0.026299,-0.029214,0.044699,0.041084,-0.008880,0.044631,0.049213,-0.003468,-0.020364,0.118790,0.028827,-0.008554
11,Walker hound,0,0.001917,0.029572,0.007217,0.023562,-0.016148,0.066987,0.023801,-0.016257,0.012548,0.038658,0.037258,1.000000,0.310052,0.237129,-0.012292,0.059198,0.001775,0.165952,-0.042536,0.044199,0.056253,0.231521,-0.083056,0.040431,0.005719,0.046967,0.017642,0.053139,0.007509,0.040779,0.006608,0.046818,-0.028395,-0.023784,0.043154,0.001158,0.015321,-0.000058,0.073149,-0.022817,0.035816,0.058024,0.016975,0.024583,0.009865,0.049998,-0.016400,0.024403,0.006973,-0.031309,0.008825,0.006945,0.016103,-0.007602,0.058826,0.038527,0.038723,-0.032439,-0.011716,-0.013992,-0.009540,0.012069,0.003606,0.040584,-0.006286,-0.045191,-0.000919,-0.006010,-0.006108,0.001552,0.039341,0.061427,0.012027,0.010239,0.034131,0.037743,0.025723,0.012854,-0.014051,0.031794,0.000020,-0.033791,0.012468,0.028468,0.015255,0.000084,0.026334,-0.033618,0.044991,0.031761,0.030608,-0.041048,-0.025144,-0.036749,0.014901,0.005590,0.077287,-0.020888,0.020745,-0.053988
12,Ibizan hound,0,-0.018357,0.006171,0.015682,0.053033,0.009420,0.015626,0.022066,-0.002106,0.046408,0.025928,-0.006907,0.310052,1.000000,0.506881,0.033111,-0.008252,0.023111,0.146819,-0.087998,0.033628,0.052762,0.169757,-0.087931,0.086321,0.101764,0.143549,0.017185,0.089514,0.030300,-0.009930,0.030622,0.054557,0.017451,0.024553,0.020619,0.008377,0.013479,-0.024732,0.056267,-0.002196,0.020911,0.054674,0.037089,0.002036,0.051533,0.037966,0.044296,0.016461,0.021942,0.002064,-0.037919,0.002312,0.008084,0.006947,0.002110,-0.020363,0.010096,-0.026666,0.009344,0.054797,0.015318,0.048625,0.034692,0.033181,0.019281,0.000435,0.036592,-0.036878,0.065995,-0.003182,0.002593,0.014513,-0.002517,0.022914,-0.005593,0.025583,-0.029593,0.038132,-0.010206,-0.012840,0.011786,-0.022523,0.003050,0.030435,0.000949,0.056046,-0.002042,0.005888,-0.033557,0.048929,-0.007689,-0.023097,0.025300,-0.031410,0.053087,-0.016023,0.067461,-0.026215,0.028606,0.032994
13,Saluki,0,0.013784,0.006698,0.000273,0.049898,0.054969,0.024505,0.024534,0.028855,0.080103,0.015367,-0.020099,0.237129,0.506881,1.000000,0.236013,0.194920,0.039507,0.062404,0.000257,-0.040526,0.115408,0.096976,-0.083332,0.118952,0.093779,0.131301,0.042523,0.070019,0.059989,0.005092,0.029303,0.030587,-0.007965,0.086799,0.032185,-0.013981,-0.013056,-0.042218,0.032764,0.005788,0.007574,0.035186,0.000512,0.033793,0.008841,0.009050,0.027407,0.006770,0.039816,-0.042551,-0.036125,0.041860,-0.021536,0.040908,-0.012052,0.032489,0.023787,-0.002028,-0.023282,0.051000,-0.012435,0.060305,0.007661,0.026795,-0.002288,-0.015615,0.024709,-0.058351,0.069419,0.016538,0.061473,0.000146,0.001039,0.034095,0.005298,0.020411,-0.007571,-0.006851,0.031728,0.002096,0.021018,-0.007854,-0.030957,0.007990,0.017805,0.069503,-0.010312,0.017619,0.035465,0.030635,0.018166,0.047801,0.010695,-0.039400,0.023884,-0.017081,0.112769,-0.001875,0.072987,0.058763
14,golden retriever,0,0.015435,0.016305,0.039084,0.034239,0.018250,0.044304,0.077501,0.028133,0.001957,0.029824,-0.016130,-0.012292,0.033111,0.236013,1.000000,0.234700,0.000713,-0.031543,0.231108,0.021288,0.050943,0.030701,0.279273,0.029898,0.100123,0.031019,0.033854,0.094395,0.067631,0.014122,0.025215,0.021670,0.026751,0.081819,0.030590,0.046833,-0.004199,0.003837,0.026811,-0.028637,-0.037974,0.038554,-0.035181,-0.040462,-0.006949,-0.004120,0.001061,-0.038441,0.055662,-0.010059,0.033759,0.057248,0.023183,0.009560,0.000179,0.047860,-0.013820,-0.006661,0.008538,0.018917,-0.041904,0.039463,0.037630,0.027004,-0.031246,-0.016232,-0.020095,0.013215,0.009848,0.021350,-0.032581,0.045019,0.001653,0.009674,0.004872,-0.002674,0.006666,0.022982,0.013582,0.018889,0.043522,0.000268,-0.018099,0.031253,-0.039500,0.012237,-0.035571,-0.005388,0.037964,-0.025886,0.013048,0.028596,0.046058,-0.054453,-0.014585,0.015156,0.054866,0.019364,0.015017,0.026015
15,Gordon setter,0,0.025838,0.039370,0.038694,-0.031223,0.003115,0.073156,0.019681,0.014605,-0.041845,0.004189,-0.032783,0.059198,-0.008252,0.194920,0.234700,1.000000,0.041835,-0.020433,0.376348,0.042373,-0.035859,-0.005193,0.210294,0.094186,0.013313,0.066584,-0.008615,0.052687,0.081069,0.010537,0.047465,0.043087,-0.017155,0.054403,0.023887,-0.015786,0.000549,0.019049,-0.010067,0.053072,-0.017419,0.012793,0.025374,-0.031551,-0.034048,-0.005468,-0.003659,-0.023535,0.046289,-0.008774,-0.019691,0.027075,-0.033743,0.061809,0.009380,0.012497,-0.009461,-0.010223,-0.021913,-0.040812,-0.013871,-0.012019,0.029959,0.017213,0.047722,-0.041029,-0.023591,-0.037731,-0.027607,0.003113,0.025397,0.049559,-0.008174,0.051144,0.053186,0.014229,-0.029212,0.020862,0.028142,0.050819,-0.012111,0.012693,0.021325,-0.011122,0.019869,0.012256,-0.010574,0.001003,0.041978,0.016801,0.012454,-0.013252,-0.052871,-0.023340,0.015618,0.012387,0.046434,0.037071,0.044409,0.044203
16,komondor,0,0.078998,0.047480,0.023517,0.040856,0.043084,0.049026,0.067287,0.014775,0.025541,0.070548,0.092051,0.001775,0.023111,0.039507,0.000713,0.041835,1.000000,0.052714,0.069902,0.041160,0.024898,0.021802,0.138598,0.139386,0.111958,0.035586,0.041591,0.064138,-0.014129,0.000166,0.033967,-0.026014,0.027376,0.013863,-0.023242,0.002953,0.041982,0.027319,0.000630,0.075031,0.038694,0.032649,-0.004465,-0.000371,0.028694,0.014594,0.011017,-0.009350,-0.018835,-0.034285,0.064048,-0.007870,-0.034594,-0.004153,0.007353,0.016372,-0.034893,-0.002913,-0.000145,-0.042358,-0.030052,0.005071,0.044074,0.037110,0.032190,-0.076286,0.049850,0.003906,-0.035090,0.023393,0.027983,0.131363,0.048043,0.006660,0.040772,0.026336,-0.047225,0.003099,-0.000939,0.060710,0.026419,0.010710,0.098055,0.005462,0.044355,-0.022273,0.003446,0.031193,0.041952,0.030468,-0.012159,-0.010279,-0.049625,0.006794,-0.014959,-0.007329,0.030193,0.040686,0.009623,0.048857
17,boxer,0,0.009132,0.069690,0.007539,-0.016474,0.089288,0.086890,0.043966,0.019493,0.058985,0.015598,0.060069,0.165952,0.146819,0.062404,-0.031543,-0.020433,0.052714,1.000000,0.023794,0.406132,0.010929,0.127761,0.048116,0.009045,0.022093,-0.008138,-0.024992,0.063781,0.025387,0.063040,0.000342,-0.012087,0.003472,0.023830,0.002986,-0.001708,0.016723,0.040483,0.028405,0.023539,0.044589,0.037193,-0.039411,0.008973,-0.036780,0.055912,-0.125319,-0.000774,-0.027965,-0.003028,0.010178,-0.025277,-0.005663,-0.001884,-0.012205,-0.004522,0.099707,-0.044551,0.026444,0.010275,0.015835,-0.038726,0.013034,0.056068,0.023803,-0.016597,-0.022063,-0.007231,0.001998,-0.048141,0.059208,0.006488,0.004489,-0.024713,0.057091,0.086676,0.009990,0.044539,0.009781,0.034400,0.023695,-0.030663,-0.011475,-0.021569,-0.002521,0.033000,-0.018926,-0.065702,0.015386,-0.007399,-0.047675,-0.024122,0.011611,0.048193,0.005465,0.040553,0.005881,0.006278,0.012850,-0.008295
18,Tibetan mastiff,0,0.004621,0.081675,0.033317,0.039815,0.030216,0.036930,0.073691,0.045546,-0.014240,-0.012417,-0.026301,-0.042536,-0.087998,0.000257,0.231108,0.376348,0.069902,0.023794,1.000000,0.037433,0.206937,-0.043829,0.686971,0.010839,0.143968,0.102313,0.078500,0.128491,0.041706,0.003856,-0.006669,0.068077,0.037098,-0.009601,0.031355,0.063426,-0.032229,0.020728,-0.015475,0.000892,-0.011309,0.018701,-0.010198,-0.051336,-0.016841,-0.009036,-0.078749,-0.021447,0.000664,-0.074602,-0.002926,0.007719,0.020299,0.006711,0.006737,0.013439,0.009460,-0.008686,-0.066255,0.000791,0.040214,-0.004592,-0.002499,-0.011231,-0.019348,-0.011691,-0.009759,-0.024834,-0.000812,-0.015885,0.039188,0.009243,0.022127,0.008735,-0.000962,-0.006488,-0.006565,-0.045373,0.018849,0.011983,0.020331,-0.025662,0.047950,-0.012103,0.005902,0.019495,0.011222,-0.040006,-0.002959,-0.012870,0.016019,-0.058070,0.013553,0.017457,0.050125,0.000687,0.048900,-0.005908,0.078766,0.002669
19,French bulldog,0,0.026256,0.012556,0.046239,-0.067572,0.008233,0.080300,0.010390,0.024972,-0.002297,0.004782,0.043016,0.044199,0.033628,-0.040526,0.021288,0.042373,0.041160,0.406132,0.037433,1.000000,0.021085,0.033924,0.022200,0.038361,0.022699,0.045938,0.001265,0.040825,-0.008295,0.049465,0.058263,0.038217,0.013235,-0.024137,0.068648,0.002149,-0.005639,-0.005405,0.036367,0.011103,0.039501,0.042113,-0.024835,0.013027,-0.011744,0.026755,-0.041809,0.032662,-0.025514,0.004241,-0.030853,0.010920,0.010469,0.002013,-0.004526,0.024143,0.037126,0.003237,-0.031811,0.019458,-0.027098,0.000668,-0.011389,0.071537,0.009116,0.050437,0.018535,0.014687,0.030942,0.021778,0.048487,0.022114,0.006845,-0.011881,0.149659,0.043707,0.010508,0.039301,0.030460,0.018806,0.055669,0.023648,0.039791,-0.062108,-0.040770,-0.001668,-0.059959,-0.020422,0.023712,-0.015464,-0.021044,-0.040328,0.008997,0.042199,0.017308,0.036390,0.003816,0.026749,0.004543,0.030332
20,malamute,0,-0.008164,-0.036401,-0.003815,-0.002680,0.034106,0.084936,0.039272,0.034410,0.053553,0.018294,-0.032815,0.056253,0.052762,0.115408,0.050943,-0.035859,0.024898,0.010929,0.206937,0.021085,1.000000,0.055350,0.021705,0.053082,0.315719,0.079828,0.199939,0.051715,0.012150,0.066103,0.078223,0.006513,0.186044,0.045933,-0.001294,0.034805,0.024513,-0.033881,-0.013105,0.023323,-0.002940,0.055944,-0.024132,-0.014053,0.032782,0.034449,-0.024295,0.005184,0.022362,-0.037849,-0.029183,0.038138,0.022845,0.059455,0.017334,0.012574,0.068771,-0.021776,-0.003040,0.059601,0.015269,0.007354,0.000160,0.023113,0.039193,0.016652,0.041304,0.021685,0.091583,-0.034646,0.060503,0.019321,0.044549,0.032977,0.049886,0.004447,0.002011,-0.012358,-0.000697,0.006818,0.053103,0.023764,-0.052951,0.037841,0.019637,0.034403,0.057506,-0.013804,-0.000994,0.018850,0.018984,0.001539,0.036178,0.055395,0.035453,0.042349,0.172915,0.035540,-0.009651,0.022277
21,dalmatian,0,-0.009254,-0.064489,0.031158,-0.060750,0.001583,0.007726,-0.022527,-0.044697,0.002106,-0.004665,0.031212,0.231521,0.169757,0.096976,0.030701,-0.005193,0.021802,0.127761,-0.043829,0.033924,0.055350,1.000000,0.022634,0.077492,0.001492,0.101956,0.028648,0.045224,-0.009164,0.079317,0.036348,0.056434,0.020875,-0.023628,-0.001161,0.003019,0.024009,-0.002073,0.032368,0.003088,0.028173,0.033960,-0.057071,-0.000332,0.010824,0.028763,-0.020650,0.042276,0.020710,0.036203,0.016261,0.024731,0.023406,0.009276,0.022468,-0.018006,0.004702,-0.000238,0.018515,0.006247,-0.038723,0.020550,0.029578,0.059563,-0.011576,0.005918,0.023256,0.036157,0.001832,0.043093,-0.019459,0.050424,-0.002203,0.038484,0.032127,0.011857,0.025232,0.041594,0.001976,0.049675,-0.012836,0.008294,0.019653,-0.006449,-0.025925,0.023745,-0.002895,0.043702,-0.012945,0.055758,0.020049,-0.013366,-0.010135,0.086728,0.043238,0.005862,0.035319,-0.046745,-0.016434,-0.024859
22,Newfoundland,0,0.015904,0.060743,0.050428,0.034329,0.013947,0.020244,0.031054,-0.006604,-0.009378,-0.003546,-0.005807,-0.083056,-0.087931,-0.083332,0.279273,0.210294,0.138598,0.048116,0.686971,0.022200,0.021705,0.022634,1.000000,0.067884,0.110186,0.063680,0.080181,0.066679,0.038950,-0.014377,-0.002835,0.035495,0.026503,-0.007433,0.040315,0.052232,-0.026108,0.031463,0.011867,-0.019466,0.028573,0.057184,-0.020872,-0.054184,0.025541,-0.007407,-0.065833,-0.045316,-0.003013,-0.002911,0.018570,0.020945,0.022318,-0.011542,0.006694,0.049998,-0.003347,-0.011608,-0.052600,0.012143,-0.008404,-0.019063,-0.022706,0.008468,-0.038961,-0.018601,0.003765,0.001818,-0.006067,0.009095,0.015139,0.078793,-0.005547,-0.047147,-0.021724,-0.024577,-0.033792,0.021397,-0.005717,0.053299,0.041925,-0.017726,0.014895,-0.007425,-0.031632,0.056411,0.007688,-0.010546,0.010493,-0.014357,-0.015563,-0.011294,-0.007642,0.013232,0.034987,-0.017639,0.057413,0.023705,0.033899,-0.001297
23,miniature poodle,0,0.042274,-0.051902,-0.006959,-0.001661,0.044821,0.012076,0.063124,0.016486,0.005998,0.053620,0.006159,0.040431,0.086321,0.118952,0.029898,0.094186,0.139386,0.009045,0.010839,0.038361,0.053082,0.077492,0.067884,1.000000,0.032780,0.039305,0.066460,0.052696,0.036679,0.034770,0.016604,0.027252,0.024814,0.009011,0.002045,0.017320,0.011974,0.008862,-0.031814,-0.037253,-0.030717,0.055379,-0.032167,-0.015467,-0.010719,0.018183,-0.020766,0.010857,0.006138,-0.004644,0.044317,0.066383,0.030081,-0.010153,-0.009464,-0.017736,0.033191,0.009867,0.001369,0.044565,0.015836,0.024508,-0.016284,0.027312,-0.001353,-0.006246,0.003037,0.010772,0.042409,0.012549,0.028266,0.031634,-0.008287,0.018737,0.034283,-0.009817,0.072387,0.022367,0.027454,0.022484,-0.030588,0.053026,-0.013989,0.044869,-0.047360,0.082665,-0.035377,0.012018,-0.029766,0.016691,-0.005624,0.000281,-0.053001,-0.017378,0.036496,0.030572,-0.016887,0.017487,-0.013973,0.065904
24,white wolf,0,0.006339,-0.005734,0.073621,0.064338,-0.012766,0.001309,-0.001140,-0.017532,0.044371,0.043875,0.036694,0.005719,0.101764,0.093779,0.100123,0.013313,0.111958,0.022093,0.143968,0.022699,0.315719,0.001492,0.110186,0.032780,1.000000,0.145278,0.683644,0.097155,0.057960,-0.023668,0.027300,-0.010925,0.033153,0.007562,0.058592,0.005469,0.020652,0.001405,0.004457,-0.010117,0.011284,-0.043520,-0.056924,0.020659,0.001358,-0.005596,0.003493,-0.004943,0.006957,-0.017852,-0.014316,0.018168,0.008493,-0.002423,0.000618,-0.011091,0.026164,-0.032080,-0.032430,0.048189,-0.074278,0.022752,0.022864,-0.012908,0.038792,0.002436,-0.013290,0.018943,0.071431,0.025672,0.005998,-0.017350,-0.016357,0.039213,0.026578,-0.018381,-0.085802,-0.035255,0.024860,0.015627,0.003674,-0.008773,0.040122,0.025014,-0.005278,0.045186,0.015964,-0.042234,-0.037442,0.029339,-0.002494,-0.016320,0.038535,0.056037,-0.019770,0.075057,0.041440,0.024284,0.024292,0.035013
25,African hunting dog,0,0.025526,-0.019633,0.055691,0.056621,0.011141,0.073472,0.009459,0.018312,0.013867,-0.035069,0.074140,0.046967,0.143549,0.131301,0.031019,0.066584,0.035586,-0.008138,0.102313,0.045938,0.079828,0.101956,0.063680,0.039305,0.145278,1.000000,0.143925,0.121899,0.052864,0.046416,0.062988,0.067136,0.084937,0.091699,0.039513,0.068517,0.062955,0.027384,-0.050148,-0.029124,0.029833,0.053326,-0.008434,-0.005502,0.038823,0.012816,-0.019416,0.075487,0.043514,-0.008326,0.001940,0.021399,0.042315,0.021275,0.057364,-0.006186,0.001592,0.014996,-0.059332,0.031986,0.024244,0.055010,-0.052454,-0.036505,0.074284,-0.019510,0.003425,0.021803,0.028263,0.078079,0.061061,0.015923,0.060828,0.045260,0.044111,0.039249,0.004126,0.061380,0.033476,0.050182,-0.003378,0.071961,0.064692,0.036819,-0.011375,0.007098,-0.008566,0.041890,-0.026223,0.051363,-0.050062,0.041420,0.046690,-0.014622,0.029197,-0.030611,0.027152,0.013541,0.004967,0.008380
26,Arctic fox,0,-0.004206,-0.028935,0.017665,0.081050,-0.008473,0.011091,0.029456,-0.021314,0.064036,-0.008071,0.020322,0.017642,0.017185,0.042523,0.033854,-0.008615,0.041591,-0.024992,0.078500,0.001265,0.199939,0.028648,0.080181,0.066460,0.683644,0.143925,1.000000,0.064557,0.102771,-0.055716,-0.028445,-0.008813,0.167840,-0.007025,0.107301,-0.013230,-0.033135,0.034868,0.005917,-0.037173,-0.002207,-0.018178,-0.031856,0.001420,0.025100,-0.026351,-0.004231,-0.029045,0.044396,-0.055168,0.008981,0.001743,0.011368,-0.022337,0.000570,0.012612,-0.013994,0.006849,-0.043707,0.083633,-0.022965,-0.012097,-0.008512,-0.024098,0.074364,0.020245,-0.021743,0.011728,0.092126,-0.002819,-0.008791,0.012321,0.007743,0.042293,0.046005,-0.012639,-0.038612,-0.039695,0.032672,0.009320,-0.006999,-0.025145,0.032639,0.002977,-0.036949,0.010184,0.004440,-0.048642,-0.003449,0.031011,0.009109,-0.035973,0.035095,0.041925,-0.025552,0.077565,-0.004155,0.041430,0.036049,0.015960
27,lion,0,0.030652,0.028147,0.020043,0.053151,0.068915,0.064309,0.045602,0.064946,0.004126,-0.001536,0.029085,0.053139,0.089514,0.070019,0.094395,0.052687,0.064138,0.063781,0.128491,0.040825,0.051715,0.045224,0.066679,0.052696,0.097155,0.121899,0.064557,1.000000,0.015132,0.025179,0.005137,0.030917,0.023818,0.065932,0.110325,0.051233,-0.048072,0.005858,-0.039401,0.010191,0.028592,0.029840,0.010828,0.017160,0.008999,0.014002,-0.022114,0.042595,-0.006817,0.049645,-0.020177,0.005813,0.059142,-0.045097,-0.028767,0.007623,-0.017824,-0.023391,-0.050408,-0.028087,0.045169,0.024456,-0.001340,0.019169,0.014033,-0.013183,-0.032386,-0.000483,-0.016998,-0.005512,0.033840,-0.017698,-0.001311,0.026917,0.030187,0.002288,0.020375,0.019078,0.013654,0.018080,0.037911,0.066089,0.041127,-0.000784,-0.003483,0.027046,0.043111,-0.002250,0.020758,-0.030495,0.004913,-0.022970,0.021681,-0.021826,0.080709,0.042241,0.073164,0.002541,0.076378,0.048368
28,meerkat,0,0.011697,0.030398,0.086826,0.072566,0.018612,0.019762,0.073471,0.005867,0.040483,-0.004543,-0.075156,0.007509,0.030300,0.059989,0.067631,0.081069,-0.014129,0.025387,0.041706,-0.008295,0.012150,-0.009164,0.038950,0.036679,0.057960,0.052864,0.102771,0.015132,1.000000,-0.013341,0.021656,0.017770,0.122122,0.095767,0.037254,-0.019624,-0.033928,0.035531,0.040081,-0.059645,0.008168,0.002785,-0.048248,0.033555,0.018983,0.002485,0.029112,0.004196,0.032073,0.006676,0.068462,0.000004,0.037569,-0.007165,-0.008891,0.010807,-0.013691,0.053464,0.032699,0.030142,0.069879,-0.002401,0.039794,0.036124,0.077245,0.028898,-0.010632,0.002985,0.020796,0.104242,-0.005763,0.098830,-0.004849,-0.039141,-0.035944,0.032712,0.016715,0.018427,-0.015028,0.024764,0.024855,0.033511,-0.000747,0.023712,-0.033224,0.069566,-0.005422,0.048537,0.024126,0.009689,0.024403,-0.012578,0.009116,-0.038198,0.005619,-0.005919,0.041615,-0.006665,-0.035545,-0.022808
29,ladybug,0,0.068638,0.017982,0.063205,0.011419,0.082768,0.031765,0.045574,0.027491,0.054093,0.030101,0.014489,0.040779,-0.009930,0.005092,0.014122,0.010537,0.000166,0.063040,0.003856,0.049465,0.066103,0.079317,-0.014377,0.034770,-0.023668,0.046416,-0.055716,0.025179,-0.013341,1.000000,0.101364,0.214614,0.001828,0.061039,0.079123,0.019136,0.036554,0.033768,0.007041,0.022894,0.008627,0.008232,0.012326,0.030324,-0.060340,0.057822,0.006580,0.017625,0.010813,-0.008436,-0.016593,0.048251,-0.015299,0.011325,-0.002372,0.005822,0.066863,0.022833,-0.012220,-0.041670,0.033855,0.039582,0.071360,-0.027314,0.039244,0.002927,0.022279,0.000424,-0.020770,0.034182,-0.032553,0.002294,-0.000667,0.028904,0.052395,-0.034512,-0.071968,0.026989,0.027337,0.085510,0.017966,-0.015681,0.050338,0.037557,0.006921,0.040269,-0.048725,0.063783,0.005932,0.062403,-0.000347,0.056313,0.005729,0.010043,-0.043188,0.015609,0.041946,0.017709,-0.005318,-0.020884
30,rhinoceros beetle,0,0.028173,0.030825,0.167074,0.045356,-0.011172,0.065979,0.069752,-0.048929,0.009404,0.068450,0.052170,0.006608,0.030622,0.029303,0.025215,0.047465,0.033967,0.000342,-0.006669,0.058263,0.078223,0.036348,-0.002835,0.016604,0.027300,0.062988,-0.028445,0.005137,0.021656,0.101364,1.000000,0.094379,0.020254,0.057043,-0.003293,-0.003635,0.004300,-0.030297,0.050295,0.028513,0.018680,0.046607,0.031710,-0.019278,-0.020221,0.060008,0.021428,-0.042379,-0.010238,0.066559,-0.029113,0.012449,-0.030550,0.003823,-0.010492,0.005538,0.035821,0.064833,0.069885,0.012457,-0.044366,-0.005105,0.041444,-0.015452,0.030496,-0.001366,-0.020352,0.010267,0.002627,-0.001084,0.021238,-0.033315,-0.030936,0.066184,0.023999,0.042215,0.049806,0.057813,-0.024320,0.036491,-0.034789,-0.004808,-0.011249,-0.019481,-0.003973,0.034561,0.066713,0.038747,0.036637,-0.032816,0.003701,0.004299,0.018241,0.032334,0.044818,0.018670,0.048031,0.016364,0.039250,0.001189
31,ant,0,0.053771,0.082517,0.026838,0.021662,0.269328,0.048811,0.050312,0.011113,0.066250,0.036494,0.035909,0.046818,0.054557,0.030587,0.021670,0.043087,-0.026014,-0.012087,0.068077,0.038217,0.006513,0.056434,0.035495,0.027252,-0.010925,0.067136,-0.008813,0.030917,0.017770,0.214614,0.094379,1.000000,0.027620,0.015758,-0.006753,0.061248,0.024503,0.037654,0.006309,0.018088,-0.001173,-0.002704,0.015081,-0.031739,0.003294,-0.001504,0.024264,0.060854,0.012832,0.000579,0.039199,0.029692,0.028994,0.030677,-0.006594,0.012065,0.046260,0.009828,-0.012219,-0.014898,0.096086,0.039891,0.050922,0.040996,0.005651,-0.020018,0.032547,0.042170,-0.004337,0.025992,-0.010581,-0.015458,0.045422,0.059709,-0.001292,0.030655,-0.007957,0.032499,0.028116,0.085204,0.010733,-0.005590,-0.038025,0.039762,0.014838,0.022921,-0.018270,0.051344,-0.003189,0.046547,-0.016298,0.004301,0.015550,0.007867,0.033156,-0.020896,0.018874,0.067978,0.032006,0.045553
32,black-footed ferret,0,-0.032929,0.048887,-0.000311,0.050575,-0.002544,0.065818,0.084269,0.004805,0.066350,-0.007902,0.043256,-0.028395,0.017451,-0.007965,0.026751,-0.017155,0.027376,0.003472,0.037098,0.013235,0.186044,0.020875,0.026503,0.024814,0.033153,0.084937,0.167840,0.023818,0.122122,0.001828,0.020254,0.027620,1.000000,0.074826,0.006486,0.075311,-0.034140,0.049249,0.061651,0.005925,0.057503,0.038464,0.011174,-0.002143,-0.021902,0.033671,-0.012406,-0.000902,0.009511,-0.022880,0.039211,0.024612,0.026905,0.018744,0.001591,0.012917,0.021068,-0.009423,0.085256,-0.003141,-0.026470,0.027861,-0.026328,0.005825,0.020292,0.048666,0.022094,-0.026266,-0.013979,0.060833,0.053004,0.015997,0.003302,-0.036003,0.006890,0.044443,0.059610,0.014742,-0.015716,-0.022690,0.024837,0.076191,-0.019155,-0.064003,0.039368,-0.010459,0.003648,0.031172,-0.011966,0.024068,0.012875,-0.000071,-0.029849,0.026177,-0.039777,-0.021770,0.038869,0.013608,0.003623,0.041986
33,three-toed sloth,0,0.118863,0.026516,0.053145,0.050110,0.115254,0.074028,0.088847,0.037291,-0.017279,0.026864,0.049000,-0.023784,0.024553,0.086799,0.081819,0.054403,0.013863,0.023830,-0.009601,-0.024137,0.045933,-0.023628,-0.007433,0.009011,0.007562,0.091699,-0.007025,0.065932,0.095767,0.061039,0.057043,0.015758,0.074826,1.000000,-0.012619,0.032509,0.030449,0.002473,0.052329,0.004880,0.021465,0.084199,0.006032,-0.034078,0.040215,0.008950,0.048722,0.030246,0.022827,0.025877,0.018963,0.066546,-0.026729,0.030064,0.026069,0.002315,0.047160,0.077724,0.008860,0.098867,0.056643,0.038503,0.027476,-0.032137,-0.016319,-0.025833,0.038697,-0.032279,0.047866,-0.000185,0.038223,0.013082,0.026719,0.020391,-0.005437,0.035839,0.034778,0.039913,0.031969,0.085621,0.046523,0.027769,0.062696,0.044171,0.022150,0.016311,0.033966,0.022022,-0.004100,-0.020780,-0.016600,0.046683,0.034488,-0.034602,-0.030719,-0.048710,-0.006854,0.079217,0.062003,0.015743
34,rock beauty,0,-0.017009,0.025006,0.024953,0.027334,-0.009948,0.101854,0.018458,0.019765,0.017084,0.023977,0.124136,0.043154,0.020619,0.032185,0.030590,0.023887,-0.023242,0.002986,0.031355,0.068648,-0.001294,-0.001161,0.040315,0.002045,0.058592,0.039513,0.107301,0.110325,0.037254,0.079123,-0.003293,-0.006753,0.006486,-0.012619,1.000000,-0.011979,-0.018970,0.025240,-0.024109,0.010267,-0.046930,0.035539,0.048120,0.004781,0.062337,0.056366,-0.004626,-0.078992,0.019729,0.021152,0.082409,0.025535,-0.012112,-0.047995,-0.012926,-0.012605,-0.007518,-0.001983,0.025054,-0.005587,0.004357,0.002548,0.002690,-0.016756,0.044288,0.036798,-0.007592,-0.045338,-0.021399,0.059316,0.017980,0.019138,-0.026269,0.053291,0.016377,0.049912,0.031726,0.164665,0.027138,0.012181,-0.012732,-0.008518,-0.002753,-0.036478,0.004963,-0.021021,-0.027243,0.012298,-0.021949,-0.013137,0.131584,0.012776,0.002715,-0.016824,-0.007237,0.076510,0.055372,0.356512,0.069843,-0.026942
35,aircraft carrier,0,0.037980,0.079126,0.006303,0.063210,0.009102,-0.003834,0.054883,-0.002308,-0.026882,0.009783,0.051983,0.001158,0.008377,-0.013981,0.046833,-0.015786,0.002953,-0.001708,0.063426,0.002149,0.034805,0.003019,0.052232,0.017320,0.005469,0.068517,-0.013230,0.051233,-0.019624,0.019136,-0.003635,0.061248,0.075311,0.032509,-0.011979,1.000000,-0.030152,-0.009156,0.000640,0.006392,0.034168,-0.020320,0.004368,0.044071,0.002956,0.002402,-0.001615,0.012076,-0.016894,0.008659,0.005756,0.027033,0.034807,-0.019850,-0.003289,0.017578,-0.010760,0.071827,0.054992,-0.020192,0.012063,-0.030567,-0.015723,-0.026607,0.116599,-0.003911,0.063343,-0.017422,-0.023666,0.025821,0.048767,0.002884,0.015234,-0.024665,-0.000418,0.003941,0.022169,0.025631,0.022512,-0.040450,-0.003997,0.063326,-0.005240,-0.015472,-0.028476,0.006969,-0.032413,0.013324,-0.015562,-0.035066,0.010605,0.011503,0.020403,-0.026819,-0.000564,-0.049439,0.057222,0.005111,-0.011858,0.008014
36,ashcan,0,-0.008386,-0.049821,0.034454,0.038588,0.005530,-0.024325,-0.022125,0.029965,-0.023917,-0.008601,0.022813,0.015321,0.013479,-0.013056,-0.004199,0.000549,0.041982,0.016723,-0.032229,-0.005639,0.024513,0.024009,-0.026108,0.011974,0.020652,0.062955,-0.033135,-0.048072,-0.033928,0.036554,0.004300,0.024503,-0.034140,0.030449,-0.018970,-0.030152,1.000000,0.266460,0.082558,0.097508,0.108625,0.001315,0.171158,-0.027529,0.043622,0.009680,0.160124,0.070262,0.251608,0.020064,0.001711,0.020926,-0.010586,0.198243,0.168704,0.041084,0.201132,-0.005762,-0.006200,0.009239,0.008440,0.057590,0.022965,0.077431,0.079696,0.044831,-0.002911,-0.005821,0.078064,0.038352,0.054092,0.050661,-0.017151,0.065239,0.022803,-0.001497,0.056674,0.036190,0.092075,-0.020584,0.021148,-0.019209,-0.003326,0.049365,0.085445,0.057094,0.011874,0.147022,0.090476,0.031731,-0.071013,0.114093,0.035748,-0.016922,0.011429,0.044267,0.008630,-0.009311,0.020701,0.031235
37,barrel,0,-0.000447,-0.013207,0.026529,-0.009138,0.053622,-0.004089,-0.053267,-0.014081,0.008697,0.012192,0.000201,-0.000058,-0.024732,-0.042218,0.003837,0.019049,0.027319,0.040483,0.020728,-0.005405,-0.033881,-0.002073,0.031463,0.008862,0.001405,0.027384,0.034868,0.005858,0.035531,0.033768,-0.030297,0.037654,0.049249,0.002473,0.025240,-0.009156,0.266460,1.000000,0.102659,0.049195,0.081963,0.056508,0.010529,-0.061339,0.056551,0.043188,0.060782,0.018537,0.365016,0.075533,0.013337,-0.010060,0.004201,0.022318,0.036016,0.022127,0.042473,-0.009783,-0.019148,-0.005856,0.026905,-0.088314,0.014536,0.037546,0.088972,0.047879,-0.000457,0.020236,0.003144,-0.026997,0.050552,-0.012621,0.004653,0.003471,-0.001276,0.058092,0.067846,0.017861,0.085729,0.002496,0.089331,-0.003886,0.057757,0.064249,0.074296,-0.003437,0.005781,0.060661,-0.013084,0.060068,-0.037849,0.074635,0.026703,0.055016,-0.066369,0.010132,-0.018563,-0.035604,-0.047665,0.010913
38,beer bottle,0,0.006852,0.036452,0.025530,0.060119,0.034854,0.019877,0.017019,0.061862,0.018538,-0.000203,0.028337,0.073149,0.056267,0.032764,0.026811,-0.010067,0.000630,0.028405,-0.015475,0.036367,-0.013105,0.032368,0.011867,-0.031814,0.004457,-0.050148,0.005917,-0.039401,0.040081,0.007041,0.050295,0.006309,0.061651,0.052329,-0.024109,0.000640,0.082558,0.102659,1.000000,0.020211,0.070970,-0.044649,0.039063,-0.044699,0.057078,0.072354,0.120210,0.071961,0.067256,0.019942,0.018006,-0.010643,0.064796,0.014064,-0.003133,0.049815,0.027767,-0.022583,0.042617,0.027768,0.015246,0.025161,0.018112,0.031292,0.023697,0.042487,0.025443,0.003798,0.014948,0.016004,0.062381,0.046416,0.015594,0.033250,0.000956,0.063027,0.021429,0.055537,0.004181,0.033241,0.078473,-0.043533,0.008377,0.013747,0.113139,0.027984,-0.015692,0.050892,0.047777,0.047150,-0.024373,0.043665,0.060004,0.014433,0.059737,0.043741,0.025180,0.002969,0.004472,0.016685
39,bookshop,0,-0.007188,0.004677,0.042197,0.045540,0.020108,-0.040997,-0.037161,-0.013719,0.006390,-0.004110,-0.012075,-0.022817,-0.002196,0.005788,-0.028637,0.053072,0.075031,0.023539,0.000892,0.011103,0.023323,0.003088,-0.019466,-0.037253,-0.010117,-0.029124,-0.037173,0.010191,-0.059645,0.022894,0.028513,0.018088,0.005925,0.004880,0.010267,0.006392,0.097508,0.049195,0.020211,1.000000,0.026629,-0.010375,0.121269,0.027095,0.004024,0.029586,0.006733,0.064623,0.091384,0.007897,-0.004221,0.083743,0.040787,0.122230,0.075658,0.045395,0.024043,-0.018238,0.039656,0.009060,-0.000801,0.042342,0.053083,0.032856,-0.024165,0.021954,0.048294,0.039190,0.006261,0.042005,0.043294,0.033686,0.028451,-0.002724,0.028291,0.016840,0.051496,0.003427,0.036952,0.027152,0.081879,-0.069632,0.011747,0.021275,0.565471,0.017311,0.052508,0.028083,0.061429,0.049572,-0.014680,0.102298,-0.019493,0.000616,0.017589,-0.002030,0.044218,0.072488,0.026175,0.024378
