class_id,class_name,intro_session,0:apple,1:aquarium fish,2:baby,3:bear,4:beaver,5:bed,6:bee,7:beetle,8:bicycle,9:bottle,10:bowl,11:boy,12:bridge,13:bus,14:butterfly,15:camel,16:can,17:castle,18:caterpillar,19:cattle,20:chair,21:chimpanzee,22:clock,23:cloud,24:cockroach,25:couch,26:crab,27:crocodile,28:cup,29:dinosaur,30:dolphin,31:elephant,32:flatfish,33:forest,34:fox,35:girl,36:hamster,37:house,38:kangaroo,39:keyboard,40:lamp,41:lawn mower,42:leopard,43:lion,44:lizard,45:lobster,46:man,47:maple tree,48:motorcycle,49:mountain,50:mouse,51:mushroom,52:oak tree,53:orange,54:orchid,55:otter,56:palm tree,57:pear,58:pickup truck,59:pine tree,60:plain,61:plate,62:poppy,63:porcupine,64:possum,65:rabbit,66:raccoon,67:ray,68:road,69:rocket,70:rose,71:sea,72:seal,73:shark,74:shrew,75:skunk,76:skyscraper,77:snail,78:snake,79:spider,80:squirrel,81:streetcar,82:sunflower,83:sweet pepper,84:table,85:tank,86:telephone,87:television,88:tiger,89:tractor,90:train,91:trout,92:tulip,93:turtle,94:wardrobe,95:whale,96:willow tree,97:wolf,98:woman,99:worm
0,apple,0,1.000000,0.905089,0.892943,0.897217,0.905783,0.867590,0.924932,0.915977,0.893871,0.908807,0.939974,0.903328,0.883070,0.877884,0.917176,0.893416,0.918634,0.865806,0.928801,0.899035,0.862707,0.905247,0.921330,0.900213,0.897657,0.895640,0.928709,0.902020,0.919918,0.904701,0.874969,0.885909,0.927937,0.903226,0.896931,0.899610,0.892674,0.879876,0.896441,0.924351,0.925586,0.882942,0.900718,0.891534,0.907328,0.930544,0.902482,0.918286,0.871343,0.884168,0.912748,0.933968,0.909000,0.962087,0.927241,0.906522,0.907295,0.978235,0.869416,0.912679,0.820276,0.912668,0.910949,0.887579,0.897482,0.891209,0.887361,0.897688,0.872162,0.888958,0.924061,0.860093,0.881167,0.882583,0.892973,0.895624,0.855974,0.913877,0.887878,0.902519,0.902756,0.866556,0.910941,0.944370,0.901475,0.869649,0.901196,0.886373,0.879626,0.875526,0.846168,0.860458,0.927569,0.905380,0.900611,0.882991,0.904898,0.890358,0.864729,0.901268
1,aquarium fish,0,0.905089,1.000000,0.907454,0.934244,0.952012,0.866493,0.942649,0.940803,0.891263,0.883621,0.925759,0.912731,0.885426,0.868045,0.957303,0.910324,0.902255,0.851485,0.948705,0.909960,0.842443,0.929776,0.905140,0.901005,0.908596,0.891198,0.956292,0.949894,0.899499,0.944230,0.947178,0.913765,0.965063,0.916333,0.933932,0.909009,0.933931,0.872596,0.918435,0.910333,0.918087,0.869007,0.935572,0.927385,0.954196,0.957730,0.909889,0.901065,0.878377,0.888456,0.952489,0.939422,0.891297,0.913699,0.929275,0.956439,0.912468,0.917874,0.866786,0.908197,0.814445,0.902649,0.903795,0.921273,0.938231,0.914650,0.907181,0.961038,0.863592,0.892027,0.906781,0.870086,0.939407,0.956942,0.945884,0.916868,0.847607,0.920161,0.919529,0.922234,0.930311,0.870884,0.916619,0.897644,0.893970,0.881036,0.886929,0.864548,0.927404,0.881884,0.848151,0.945858,0.924353,0.960996,0.878077,0.942866,0.902591,0.928531,0.879368,0.915586
2,baby,0,0.892943,0.907454,1.000000,0.923318,0.921845,0.894669,0.907506,0.894484,0.909768,0.882937,0.915156,0.981037,0.897040,0.885848,0.913511,0.921629,0.907131,0.872317,0.913743,0.910025,0.856439,0.932769,0.914533,0.901914,0.870969,0.912611,0.923069,0.916719,0.894201,0.910407,0.889804,0.912163,0.939981,0.906326,0.908410,0.976734,0.910156,0.890405,0.916521,0.920564,0.917028,0.880748,0.920411,0.919157,0.921157,0.932213,0.950328,0.903126,0.899737,0.897151,0.922011,0.913932,0.899535,0.895003,0.915705,0.926144,0.915771,0.899703,0.886962,0.908609,0.829542,0.900056,0.878178,0.898102,0.914950,0.912727,0.892013,0.920980,0.882615,0.884029,0.915681,0.870405,0.901396,0.902519,0.911497,0.911694,0.865778,0.900949,0.883226,0.897842,0.926631,0.879664,0.903352,0.899644,0.905634,0.870927,0.888998,0.877643,0.919107,0.872351,0.854026,0.856489,0.916502,0.917911,0.887581,0.884896,0.895628,0.910594,0.924858,0.882780
3,bear,0,0.897217,0.934244,0.923318,1.000000,0.983957,0.880610,0.942538,0.932252,0.904054,0.887617,0.916023,0.928882,0.911418,0.891787,0.939267,0.953136,0.906324,0.883210,0.937691,0.953267,0.850888,0.965104,0.913110,0.920266,0.897720,0.903370,0.944052,0.965876,0.896512,0.955771,0.931572,0.967115,0.955395,0.944539,0.967727,0.922783,0.929547,0.903646,0.965716,0.916936,0.917382,0.881745,0.975078,0.964040,0.950322,0.944657,0.929224,0.926258,0.886887,0.924832,0.957531,0.939305,0.923913,0.892623,0.919012,0.977528,0.923566,0.903160,0.894982,0.939293,0.859350,0.894722,0.893334,0.945922,0.958038,0.948393,0.955843,0.956846,0.899104,0.890739,0.908346,0.888080,0.971049,0.939487,0.957896,0.934338,0.869162,0.928011,0.922949,0.922491,0.961490,0.897204,0.920672,0.891296,0.906404,0.894463,0.891353,0.869584,0.955346,0.908073,0.870228,0.904550,0.916168,0.947619,0.885217,0.937324,0.926119,0.969438,0.879381,0.896846
4,beaver,0,0.905783,0.952012,0.921845,0.983957,1.000000,0.886805,0.952349,0.950473,0.906316,0.897105,0.928195,0.926990,0.914019,0.888594,0.951311,0.947385,0.912267,0.885142,0.957980,0.944496,0.852154,0.963239,0.915335,0.926006,0.915731,0.908144,0.963261,0.986860,0.904860,0.962078,0.939095,0.958551,0.972248,0.953981,0.966873,0.922240,0.942472,0.905384,0.968122,0.922968,0.926037,0.883273,0.978613,0.958688,0.971417,0.962956,0.925373,0.931547,0.885160,0.918887,0.978738,0.958327,0.928544,0.900335,0.930586,0.994026,0.931540,0.918169,0.890337,0.943977,0.859596,0.905874,0.906105,0.964784,0.973359,0.957116,0.962397,0.970806,0.900053,0.896137,0.914268,0.894932,0.978692,0.947226,0.979702,0.948491,0.860233,0.957340,0.947155,0.935369,0.968973,0.905149,0.927576,0.894952,0.911919,0.903885,0.900675,0.870090,0.951360,0.917342,0.870436,0.933001,0.922625,0.964693,0.889867,0.946500,0.939960,0.970908,0.883898,0.919672
5,bed,0,0.867590,0.866493,0.894669,0.880610,0.886805,1.000000,0.875871,0.869183,0.904280,0.897846,0.921239,0.890508,0.908846,0.909828,0.882760,0.880589,0.911851,0.892751,0.890223,0.874206,0.937735,0.869111,0.913614,0.889066,0.845139,0.979396,0.891281,0.891710,0.914901,0.877496,0.852096,0.875457,0.906701,0.905623,0.869285,0.888495,0.839928,0.936186,0.876295,0.916886,0.945512,0.892838,0.890700,0.872267,0.885569,0.906386,0.892636,0.907139,0.886479,0.891249,0.876578,0.897495,0.907807,0.869290,0.894141,0.890141,0.914731,0.877407,0.898107,0.912983,0.840544,0.906473,0.853071,0.857287,0.863552,0.870683,0.845699,0.890439,0.894040,0.857636,0.887854,0.868418,0.858021,0.860415,0.866050,0.885698,0.856870,0.887312,0.860241,0.861223,0.888779,0.889871,0.882416,0.879162,0.955776,0.866590,0.902343,0.904947,0.873249,0.879698,0.862415,0.843124,0.883750,0.893887,0.942523,0.863514,0.899981,0.873278,0.862280,0.848434
6,bee,0,0.924932,0.942649,0.907506,0.942538,0.952349,0.875871,1.000000,0.971809,0.901443,0.897337,0.930854,0.914375,0.900428,0.883378,0.975307,0.924683,0.912238,0.879744,0.967804,0.921604,0.853600,0.934558,0.918146,0.920335,0.946043,0.899262,0.964017,0.945458,0.910764,0.940913,0.908763,0.921635,0.948057,0.934739,0.935160,0.913403,0.909429,0.892842,0.929536,0.923753,0.929401,0.884275,0.941673,0.924295,0.948163,0.960897,0.916196,0.927527,0.886272,0.906184,0.945440,0.955642,0.920477,0.923412,0.955589,0.948430,0.925950,0.931916,0.872332,0.932840,0.837487,0.906267,0.936350,0.927390,0.933815,0.918241,0.916207,0.942821,0.887254,0.904375,0.932633,0.876882,0.929639,0.921504,0.940428,0.917296,0.867508,0.942369,0.923595,0.953971,0.936539,0.889512,0.952577,0.908309,0.908088,0.884197,0.893623,0.867599,0.927988,0.904780,0.861275,0.896027,0.948267,0.942443,0.896730,0.918568,0.924979,0.928282,0.883660,0.917271
7,beetle,0,0.915977,0.940803,0.894484,0.932252,0.950473,0.869183,0.971809,1.000000,0.897738,0.895318,0.927777,0.901657,0.885826,0.876424,0.968459,0.916891,0.912215,0.862623,0.971420,0.920006,0.852646,0.926963,0.909808,0.904864,0.978567,0.894347,0.968169,0.948971,0.903020,0.945300,0.903908,0.918727,0.948385,0.922056,0.923798,0.894397,0.912704,0.879868,0.928351,0.914677,0.925115,0.889936,0.929276,0.905381,0.962946,0.957431,0.900159,0.910098,0.884368,0.892146,0.955046,0.952631,0.907031,0.906143,0.927325,0.949774,0.910915,0.925627,0.873613,0.919946,0.833514,0.900804,0.913367,0.926760,0.937856,0.928239,0.916981,0.937594,0.877322,0.891270,0.903435,0.867302,0.923434,0.915471,0.946899,0.933310,0.850286,0.953319,0.934164,0.968020,0.927937,0.878807,0.920113,0.906499,0.899314,0.895218,0.895488,0.860588,0.910190,0.900392,0.853587,0.901430,0.919702,0.942902,0.884190,0.920720,0.908950,0.917247,0.865051,0.931026
8,bicycle,0,0.893871,0.891263,0.909768,0.904054,0.906316,0.904280,0.901443,0.897738,1.000000,0.902848,0.921667,0.914885,0.925035,0.929848,0.905055,0.912078,0.922832,0.890563,0.914418,0.909243,0.895646,0.905163,0.927432,0.912050,0.865853,0.926029,0.912648,0.913386,0.909397,0.907590,0.886014,0.906252,0.932453,0.918651,0.893961,0.907152,0.862879,0.913976,0.904970,0.931304,0.933030,0.923257,0.909319,0.890899,0.914435,0.921834,0.925460,0.923021,0.961141,0.909109,0.899085,0.918293,0.921955,0.891246,0.904210,0.913207,0.919007,0.893439,0.925376,0.925790,0.867049,0.909947,0.871768,0.881173,0.890281,0.893466,0.871847,0.915952,0.921026,0.890676,0.899475,0.885792,0.880380,0.891351,0.890996,0.912453,0.880071,0.907693,0.890046,0.892009,0.913149,0.904196,0.903214,0.894540,0.925803,0.892180,0.910847,0.892852,0.892005,0.899444,0.895284,0.864243,0.905523,0.913169,0.910294,0.888145,0.914908,0.891288,0.861160,0.886863
9,bottle,0,0.908807,0.883621,0.882937,0.887617,0.897105,0.897846,0.897337,0.895318,0.902848,1.000000,0.942204,0.890429,0.892127,0.883102,0.892832,0.891630,0.968690,0.868722,0.910057,0.883644,0.883074,0.880988,0.918796,0.894043,0.873180,0.917728,0.910124,0.902844,0.945081,0.897604,0.868830,0.875993,0.923905,0.898748,0.876712,0.884138,0.855520,0.890816,0.883413,0.921079,0.940334,0.895615,0.894021,0.878383,0.900110,0.925058,0.898861,0.901855,0.884517,0.886756,0.890099,0.912510,0.899389,0.912181,0.900928,0.903114,0.905011,0.919151,0.888793,0.907836,0.835272,0.923351,0.875678,0.864918,0.872919,0.878192,0.855092,0.895642,0.874298,0.895809,0.893158,0.865370,0.873462,0.871242,0.870986,0.901757,0.855135,0.900297,0.868325,0.878389,0.887236,0.879226,0.893456,0.914301,0.921433,0.876496,0.910588,0.887617,0.874397,0.883423,0.856020,0.861572,0.892099,0.892978,0.916383,0.883425,0.895544,0.879803,0.866253,0.881610
10,bowl,0,0.939974,0.925759,0.915156,0.916023,0.928195,0.921239,0.930854,0.927777,0.921667,0.942204,1.000000,0.920958,0.914492,0.899877,0.940846,0.915564,0.962496,0.895935,0.945685,0.909237,0.912807,0.914833,0.957703,0.923125,0.899758,0.947931,0.951184,0.931412,0.981565,0.932488,0.899227,0.905627,0.957147,0.924024,0.906886,0.917936,0.895817,0.912379,0.910242,0.949987,0.974526,0.907550,0.924686,0.908401,0.932824,0.957045,0.926369,0.926223,0.904121,0.913981,0.928028,0.953437,0.921159,0.942141,0.943208,0.933651,0.930690,0.950899,0.897068,0.931711,0.845858,0.976274,0.918587,0.899674,0.914729,0.909259,0.892222,0.933644,0.892610,0.913553,0.932590,0.887067,0.902263,0.906981,0.909571,0.926873,0.881948,0.937227,0.905868,0.919625,0.924628,0.891205,0.926155,0.940465,0.962376,0.904579,0.936780,0.914474,0.908357,0.898544,0.869286,0.885940,0.938784,0.933337,0.938132,0.912595,0.918268,0.911268,0.890626,0.928960
11,boy,0,0.903328,0.912731,0.981037,0.928882,0.926990,0.890508,0.914375,0.901657,0.914885,0.890429,0.920958,1.000000,0.906309,0.896936,0.918216,0.929246,0.916701,0.879835,0.917812,0.914048,0.862219,0.944436,0.923624,0.910060,0.878601,0.915294,0.932287,0.921899,0.901351,0.922792,0.893803,0.915309,0.948220,0.917504,0.915156,0.984518,0.909145,0.899347,0.919574,0.931163,0.924295,0.888398,0.925466,0.927689,0.923395,0.941387,0.971640,0.912630,0.905211,0.904801,0.922077,0.917605,0.908699,0.900759,0.916691,0.930709,0.923437,0.906370,0.893967,0.917801,0.833650,0.906981,0.880632,0.899773,0.911970,0.911544,0.900392,0.927632,0.890815,0.891800,0.915459,0.876246,0.910456,0.904294,0.916821,0.917330,0.874767,0.904503,0.886770,0.902482,0.930246,0.895673,0.911744,0.903859,0.908331,0.880110,0.895412,0.884726,0.926563,0.885264,0.860152,0.863890,0.919491,0.918517,0.895102,0.892715,0.903476,0.918412,0.925832,0.885797
12,bridge,0,0.883070,0.885426,0.897040,0.911418,0.914019,0.908846,0.900428,0.885826,0.925035,0.892127,0.914492,0.906309,1.000000,0.930422,0.900699,0.909907,0.910072,0.952358,0.913746,0.907213,0.869850,0.900957,0.927034,0.951783,0.855793,0.925047,0.911624,0.924422,0.907948,0.901072,0.904282,0.908786,0.934575,0.947185,0.890347,0.900825,0.841145,0.953845,0.906533,0.941068,0.933037,0.879276,0.915226,0.891038,0.903291,0.926115,0.930032,0.948538,0.891217,0.942702,0.889686,0.917587,0.950847,0.880142,0.910431,0.922077,0.946601,0.883411,0.906017,0.953791,0.916888,0.899415,0.880193,0.873805,0.888924,0.886480,0.870310,0.933266,0.960414,0.907563,0.900655,0.944093,0.888133,0.906352,0.888455,0.893591,0.945889,0.902694,0.880532,0.886116,0.919436,0.924665,0.917253,0.886370,0.925623,0.902640,0.896779,0.881255,0.896332,0.915835,0.917479,0.867578,0.910864,0.915057,0.914870,0.912997,0.950924,0.895245,0.866177,0.875415
13,bus,0,0.877884,0.868045,0.885848,0.891787,0.888594,0.909828,0.883378,0.876424,0.929848,0.883102,0.899877,0.896936,0.930422,1.000000,0.886019,0.900364,0.905915,0.903269,0.895441,0.897402,0.873358,0.880018,0.909890,0.895935,0.854747,0.921417,0.891133,0.892333,0.890897,0.889610,0.868559,0.891214,0.912650,0.905145,0.873019,0.891178,0.838383,0.929514,0.889220,0.918891,0.919108,0.908126,0.894385,0.880279,0.886609,0.902908,0.906134,0.918724,0.919667,0.902121,0.873216,0.896200,0.920628,0.872427,0.886026,0.893299,0.915004,0.876266,0.947020,0.919939,0.863678,0.883223,0.853683,0.858550,0.865369,0.873384,0.851949,0.896720,0.926035,0.885415,0.873513,0.871226,0.867735,0.876329,0.868127,0.883754,0.888810,0.882093,0.861271,0.867468,0.890340,0.932027,0.887967,0.881612,0.906376,0.903214,0.900514,0.890579,0.881583,0.905110,0.932134,0.842039,0.887212,0.893924,0.901257,0.877617,0.904664,0.870717,0.847771,0.852063
14,butterfly,0,0.917176,0.957303,0.913511,0.939267,0.951311,0.882760,0.975307,0.968459,0.905055,0.892832,0.940846,0.918216,0.900699,0.886019,1.000000,0.922860,0.913973,0.878745,0.979610,0.924990,0.864005,0.931571,0.922796,0.923590,0.934543,0.909466,0.962499,0.950066,0.918123,0.951500,0.916378,0.925863,0.955213,0.939971,0.931430,0.917695,0.913000,0.895255,0.930005,0.925066,0.937038,0.887548,0.945694,0.924544,0.958634,0.961216,0.918062,0.928895,0.886517,0.913647,0.950406,0.958279,0.922315,0.919340,0.961595,0.951678,0.931528,0.934142,0.876019,0.935440,0.837488,0.916609,0.933378,0.929750,0.936879,0.925315,0.906584,0.951157,0.886919,0.897775,0.940501,0.881366,0.928083,0.932273,0.950113,0.925344,0.864862,0.940743,0.936862,0.952180,0.940558,0.884519,0.946584,0.915882,0.918335,0.891367,0.900412,0.874713,0.932921,0.893339,0.865815,0.910505,0.957886,0.949987,0.899727,0.929750,0.926588,0.926758,0.888336,0.938229
15,camel,0,0.893416,0.910324,0.921629,0.953136,0.947385,0.880589,0.924683,0.916891,0.912078,0.891630,0.915564,0.929246,0.909907,0.900364,0.922860,1.000000,0.908208,0.886827,0.925419,0.953008,0.854751,0.946519,0.912441,0.914420,0.891814,0.904843,0.937458,0.944574,0.899024,0.959495,0.915974,0.960612,0.942574,0.924446,0.943583,0.923274,0.905391,0.896153,0.962073,0.915827,0.920148,0.885524,0.958884,0.958031,0.942122,0.939641,0.931249,0.916946,0.895747,0.922064,0.932889,0.929862,0.919159,0.897671,0.913540,0.951240,0.934534,0.904944,0.899344,0.931296,0.864109,0.893812,0.881258,0.924907,0.931967,0.926116,0.921058,0.939679,0.899967,0.894952,0.904873,0.885042,0.940563,0.917263,0.927199,0.911296,0.884484,0.916881,0.908170,0.909286,0.939963,0.895268,0.909119,0.895571,0.906745,0.897039,0.891570,0.868391,0.943005,0.905873,0.871533,0.866118,0.908310,0.937302,0.887239,0.913902,0.914673,0.942862,0.888356,0.890647
16,can,0,0.918634,0.902255,0.907131,0.906324,0.912267,0.911851,0.912238,0.912215,0.922832,0.968690,0.962496,0.916701,0.910072,0.905915,0.913973,0.908208,1.000000,0.879454,0.927367,0.901475,0.893874,0.905018,0.945081,0.911233,0.889277,0.936113,0.927291,0.917379,0.950561,0.914297,0.883599,0.898908,0.941814,0.912725,0.891651,0.908383,0.878096,0.902399,0.899729,0.945419,0.955321,0.918096,0.911499,0.898248,0.915963,0.941162,0.922635,0.913129,0.908839,0.903140,0.909888,0.924951,0.910066,0.923272,0.914414,0.918032,0.919455,0.926386,0.909816,0.920180,0.846295,0.943309,0.886301,0.882156,0.894402,0.893800,0.878035,0.916255,0.892194,0.915294,0.905878,0.875857,0.889181,0.890818,0.892990,0.922636,0.875715,0.913981,0.886384,0.894522,0.909882,0.891660,0.905634,0.933735,0.933132,0.897384,0.937341,0.911681,0.897473,0.900210,0.869923,0.870295,0.910513,0.909509,0.931404,0.895232,0.904425,0.899093,0.880893,0.901979
17,castle,0,0.865806,0.851485,0.872317,0.883210,0.885142,0.892751,0.879744,0.862623,0.890563,0.868722,0.895935,0.879835,0.952358,0.903269,0.878745,0.886827,0.879454,1.000000,0.886825,0.885445,0.850243,0.874493,0.902945,0.918424,0.831947,0.904368,0.881098,0.892976,0.897827,0.877115,0.862134,0.883279,0.898402,0.920140,0.866251,0.878974,0.821949,0.954174,0.886905,0.912954,0.909252,0.854784,0.895013,0.873590,0.875078,0.895628,0.902149,0.935230,0.861192,0.923371,0.866923,0.899354,0.943236,0.859408,0.893962,0.887923,0.922528,0.867643,0.867783,0.934081,0.888341,0.884311,0.869530,0.852134,0.864819,0.863861,0.841995,0.896251,0.925058,0.878239,0.888544,0.902832,0.854991,0.868857,0.860074,0.859697,0.917260,0.878226,0.857476,0.857541,0.897750,0.897295,0.895779,0.863898,0.906495,0.874792,0.873450,0.850517,0.871825,0.883720,0.891376,0.835457,0.897289,0.890705,0.895921,0.875948,0.933079,0.872583,0.841523,0.849612
18,caterpillar,0,0.928801,0.948705,0.913743,0.937691,0.957980,0.890223,0.967804,0.971420,0.914418,0.910057,0.945685,0.917812,0.913746,0.895441,0.979610,0.925419,0.927367,0.886825,1.000000,0.926462,0.867641,0.934160,0.925545,0.934458,0.939029,0.914767,0.962842,0.964993,0.922060,0.953912,0.917540,0.930463,0.962712,0.947179,0.930430,0.914508,0.913546,0.905300,0.937829,0.938456,0.940825,0.899806,0.950196,0.926381,0.974032,0.963874,0.918372,0.937296,0.892269,0.918259,0.956179,0.966920,0.933335,0.926326,0.952710,0.960815,0.939571,0.941478,0.887800,0.946244,0.858484,0.921661,0.927620,0.939684,0.941445,0.936005,0.915148,0.952910,0.902891,0.905508,0.933517,0.894812,0.929131,0.932844,0.952173,0.941571,0.868083,0.957572,0.955951,0.957478,0.950125,0.890607,0.938438,0.928170,0.921741,0.904852,0.913026,0.879493,0.926506,0.910928,0.877140,0.917727,0.944314,0.952468,0.911171,0.927892,0.939961,0.928683,0.879411,0.958122
19,cattle,0,0.899035,0.909960,0.910025,0.953267,0.944496,0.874206,0.921604,0.920006,0.909243,0.883644,0.909237,0.914048,0.907213,0.897402,0.924990,0.953008,0.901475,0.885445,0.926462,1.000000,0.853686,0.930619,0.904252,0.904572,0.897617,0.898517,0.927092,0.937130,0.893316,0.932055,0.904330,0.954660,0.940952,0.920887,0.936175,0.907407,0.901711,0.903931,0.954169,0.909661,0.908662,0.893045,0.946091,0.937745,0.927155,0.928792,0.920542,0.919201,0.893116,0.907328,0.932418,0.927519,0.923407,0.893119,0.905844,0.942900,0.916086,0.901889,0.905083,0.925874,0.864020,0.888974,0.877845,0.918473,0.927213,0.934407,0.917785,0.931764,0.899225,0.881565,0.891966,0.873436,0.926820,0.914243,0.923389,0.913169,0.869767,0.915092,0.907415,0.900151,0.929780,0.881321,0.902253,0.896378,0.901684,0.887924,0.887603,0.861993,0.931740,0.908806,0.874898,0.875453,0.903724,0.932519,0.880442,0.907101,0.917379,0.929853,0.866032,0.884877
20,chair,0,0.862707,0.842443,0.856439,0.850888,0.852154,0.937735,0.853600,0.852646,0.895646,0.883074,0.912807,0.862219,0.869850,0.873358,0.864005,0.854751,0.893874,0.850243,0.867641,0.853686,1.000000,0.844564,0.899414,0.851117,0.841118,0.961178,0.869481,0.851815,0.914427,0.865149,0.835340,0.846250,0.877597,0.864007,0.841471,0.856711,0.812962,0.884481,0.849426,0.895582,0.929953,0.902743,0.853922,0.840095,0.857839,0.876265,0.872207,0.876108,0.883313,0.855444,0.847552,0.871976,0.875218,0.856376,0.868270,0.857960,0.877282,0.866458,0.877743,0.878421,0.787743,0.893628,0.829419,0.825965,0.834068,0.837538,0.810697,0.857846,0.842937,0.842468,0.863118,0.820543,0.830626,0.842776,0.830080,0.861240,0.836652,0.850889,0.833494,0.847349,0.855100,0.841479,0.850657,0.867848,0.937266,0.845725,0.904817,0.895303,0.838314,0.842200,0.825926,0.813239,0.860463,0.860970,0.920343,0.845478,0.862199,0.839582,0.836864,0.841778
21,chimpanzee,0,0.905247,0.929776,0.932769,0.965104,0.963239,0.869111,0.934558,0.926963,0.905163,0.880988,0.914833,0.944436,0.900957,0.880018,0.931571,0.946519,0.905018,0.874493,0.934160,0.930619,0.844564,1.000000,0.912617,0.913556,0.893387,0.896604,0.944308,0.953041,0.893369,0.948500,0.916583,0.954930,0.951005,0.931011,0.939345,0.934102,0.924900,0.887938,0.945277,0.923418,0.915805,0.872344,0.956940,0.952226,0.947546,0.947515,0.943598,0.914157,0.895149,0.908426,0.948514,0.935106,0.914092,0.900370,0.913854,0.962029,0.925732,0.913486,0.877101,0.925892,0.837701,0.892079,0.880746,0.935479,0.943337,0.926020,0.938401,0.946200,0.888810,0.891631,0.904787,0.879862,0.945270,0.922274,0.949199,0.930941,0.866315,0.925663,0.923080,0.916957,0.958217,0.887131,0.911541,0.896884,0.902617,0.884740,0.888794,0.865966,0.941982,0.892646,0.859380,0.881026,0.913547,0.938115,0.883590,0.919307,0.911659,0.948839,0.897979,0.905858
22,clock,0,0.921330,0.905140,0.914533,0.913110,0.915335,0.913614,0.918146,0.909808,0.927432,0.918796,0.957703,0.923624,0.927034,0.909890,0.922796,0.912441,0.945081,0.902945,0.925545,0.904252,0.899414,0.912617,1.000000,0.928374,0.890049,0.938244,0.932792,0.919247,0.946520,0.919658,0.893970,0.901063,0.942142,0.920001,0.898841,0.916855,0.881285,0.914946,0.905891,0.956391,0.962125,0.905573,0.916827,0.903718,0.917216,0.941031,0.934938,0.926075,0.904826,0.914697,0.912829,0.925831,0.921485,0.913148,0.925220,0.922116,0.926517,0.919789,0.898197,0.928761,0.857983,0.951020,0.900609,0.882594,0.899680,0.899730,0.881891,0.925831,0.906006,0.916539,0.918217,0.892071,0.894569,0.903383,0.896010,0.919321,0.897952,0.911722,0.891005,0.905888,0.916230,0.903176,0.919600,0.915737,0.939360,0.896009,0.939561,0.920763,0.903725,0.899625,0.887971,0.866666,0.929273,0.915424,0.937590,0.906527,0.914302,0.905013,0.883913,0.907242
23,cloud,0,0.900213,0.901005,0.901914,0.920266,0.926006,0.889066,0.920335,0.904864,0.912050,0.894043,0.923125,0.910060,0.951783,0.895935,0.923590,0.914420,0.911233,0.918424,0.934458,0.904572,0.851117,0.913556,0.928374,1.000000,0.871083,0.913727,0.920463,0.940605,0.914423,0.911503,0.910624,0.911862,0.941080,0.960658,0.903006,0.907633,0.864779,0.923863,0.914185,0.947875,0.936940,0.869798,0.924333,0.906170,0.921521,0.931725,0.922537,0.953710,0.876094,0.960150,0.908812,0.934405,0.951328,0.896859,0.932633,0.934864,0.949049,0.902962,0.879219,0.963921,0.931577,0.905907,0.915283,0.893665,0.897566,0.909681,0.890716,0.946637,0.954797,0.924129,0.924842,0.968358,0.903782,0.911019,0.898065,0.908413,0.909435,0.926667,0.899603,0.907459,0.924017,0.905401,0.938018,0.885956,0.914650,0.888220,0.891422,0.875319,0.896157,0.905980,0.886386,0.872761,0.929430,0.918175,0.918123,0.925366,0.953440,0.908894,0.867078,0.913000
24,cockroach,0,0.897657,0.908596,0.870969,0.897720,0.915731,0.845139,0.946043,0.978567,0.865853,0.873180,0.899758,0.878601,0.855793,0.854747,0.934543,0.891814,0.889277,0.831947,0.939029,0.897617,0.841118,0.893387,0.890049,0.871083,1.000000,0.869448,0.945988,0.909516,0.877060,0.918138,0.876336,0.885125,0.921959,0.876498,0.891806,0.871017,0.893921,0.848619,0.900707,0.890319,0.900801,0.864244,0.890530,0.872151,0.932707,0.928910,0.877778,0.874138,0.852555,0.857356,0.932218,0.918064,0.870650,0.885411,0.894476,0.915868,0.875728,0.904916,0.841187,0.881646,0.794952,0.872373,0.880111,0.891691,0.910076,0.898768,0.883840,0.902390,0.841959,0.868847,0.870156,0.833929,0.889308,0.891055,0.907306,0.905328,0.832767,0.916946,0.893105,0.954449,0.893128,0.846002,0.881581,0.886089,0.874809,0.865945,0.875410,0.840419,0.875438,0.859138,0.823816,0.859519,0.888123,0.912355,0.866789,0.890118,0.867206,0.877830,0.844732,0.907944
25,couch,0,0.895640,0.891198,0.912611,0.903370,0.908144,0.979396,0.899262,0.894347,0.926029,0.917728,0.947931,0.915294,0.925047,0.921417,0.909466,0.904843,0.936113,0.904368,0.914767,0.898517,0.961178,0.896604,0.938244,0.913727,0.869448,1.000000,0.917105,0.912552,0.940925,0.905044,0.877261,0.895540,0.932792,0.922477,0.891015,0.911468,0.865371,0.940743,0.898758,0.947581,0.966053,0.914902,0.912709,0.897288,0.908720,0.930437,0.923459,0.927511,0.911482,0.910307,0.898625,0.919647,0.925909,0.895147,0.916271,0.913231,0.932039,0.902029,0.919130,0.931150,0.855402,0.930848,0.876440,0.876481,0.885726,0.896296,0.867843,0.914682,0.908845,0.888176,0.914085,0.886949,0.881322,0.887548,0.887325,0.914038,0.881871,0.907148,0.879941,0.885912,0.912822,0.902689,0.902335,0.904900,0.969028,0.889163,0.927086,0.931266,0.898310,0.894540,0.877834,0.861675,0.910920,0.913175,0.955374,0.887549,0.917123,0.895168,0.884755,0.881067
26,crab,0,0.928709,0.956292,0.923069,0.944052,0.963261,0.891281,0.964017,0.968169,0.912648,0.910124,0.951184,0.932287,0.911624,0.891133,0.962499,0.937458,0.927291,0.881098,0.962842,0.927092,0.869481,0.944308,0.932792,0.920463,0.945988,0.917105,1.000000,0.963455,0.925786,0.963475,0.925591,0.925266,0.972440,0.937114,0.938142,0.926912,0.926559,0.900067,0.939549,0.933798,0.942898,0.890243,0.948501,0.933270,0.968018,0.990856,0.930745,0.920604,0.899323,0.906828,0.959504,0.963050,0.913566,0.928278,0.944115,0.964492,0.932650,0.939494,0.886035,0.929891,0.837941,0.932422,0.920632,0.926783,0.947215,0.933886,0.928721,0.961278,0.888950,0.902502,0.926442,0.889740,0.944547,0.931275,0.955330,0.940491,0.867008,0.951977,0.939553,0.963288,0.940677,0.901453,0.932690,0.927431,0.924772,0.902445,0.909617,0.881073,0.941223,0.908619,0.856371,0.916400,0.937358,0.958173,0.904830,0.932658,0.920234,0.942681,0.896489,0.932415
27,crocodile,0,0.902020,0.949894,0.916719,0.965876,0.986860,0.891710,0.945458,0.948971,0.913386,0.902844,0.931412,0.921899,0.924422,0.892333,0.950066,0.944574,0.917379,0.892976,0.964993,0.937130,0.851815,0.953041,0.919247,0.940605,0.909516,0.912552,0.963455,1.000000,0.910922,0.965426,0.946010,0.954759,0.975126,0.958131,0.952324,0.915861,0.921975,0.910835,0.963498,0.932136,0.931409,0.883973,0.975067,0.948026,0.980412,0.965821,0.923122,0.931984,0.890755,0.925178,0.970199,0.958412,0.932615,0.896692,0.929111,0.990462,0.937282,0.913311,0.893915,0.948817,0.876801,0.911669,0.905787,0.951967,0.960618,0.950476,0.948615,0.981849,0.911520,0.904925,0.912073,0.912522,0.963162,0.951809,0.970217,0.950654,0.864776,0.962469,0.950122,0.936089,0.961906,0.906571,0.924709,0.892839,0.917246,0.919576,0.903818,0.870892,0.942516,0.927651,0.875512,0.936406,0.919780,0.966526,0.898697,0.951601,0.944886,0.965727,0.880045,0.933483
28,cup,0,0.919918,0.899499,0.894201,0.896512,0.904860,0.914901,0.910764,0.903020,0.909397,0.945081,0.981565,0.901351,0.907948,0.890897,0.918123,0.899024,0.950561,0.897827,0.922060,0.893316,0.914427,0.893369,0.946520,0.914423,0.877060,0.940925,0.925786,0.910922,1.000000,0.911687,0.880764,0.890099,0.933925,0.911660,0.885066,0.898718,0.864993,0.906276,0.891269,0.935737,0.972663,0.893729,0.906978,0.891666,0.908762,0.935087,0.912796,0.917388,0.887099,0.904273,0.901695,0.929533,0.914873,0.915764,0.929069,0.912355,0.916887,0.927684,0.884230,0.922611,0.841231,0.958179,0.904523,0.873235,0.888552,0.890356,0.868138,0.915205,0.885742,0.904756,0.920086,0.880574,0.878703,0.886687,0.879788,0.909210,0.876083,0.915722,0.884462,0.899219,0.903318,0.884190,0.910980,0.914433,0.959513,0.890535,0.917272,0.904690,0.888987,0.885140,0.861320,0.867797,0.925796,0.905386,0.936624,0.899964,0.909649,0.894967,0.877275,0.912164
29,dinosaur,0,0.904701,0.944230,0.910407,0.955771,0.962078,0.877496,0.940913,0.945300,0.907590,0.897604,0.932488,0.922792,0.901072,0.889610,0.951500,0.959495,0.914297,0.877115,0.953912,0.932055,0.865149,0.948500,0.919658,0.911503,0.918138,0.905044,0.963475,0.965426,0.911687,1.000000,0.929164,0.951663,0.953432,0.929202,0.952214,0.913167,0.924439,0.890441,0.956104,0.922185,0.931543,0.889028,0.963390,0.950398,0.971974,0.960812,0.923171,0.916042,0.894648,0.910594,0.953961,0.945272,0.913269,0.903630,0.921668,0.964347,0.924622,0.919147,0.888859,0.928484,0.837278,0.909276,0.892169,0.931593,0.948412,0.930972,0.927149,0.954188,0.880714,0.904078,0.904090,0.871377,0.949358,0.935333,0.951925,0.930383,0.867346,0.923015,0.930043,0.937204,0.947772,0.886590,0.915244,0.904689,0.909495,0.910040,0.905432,0.872018,0.944483,0.904879,0.866840,0.906130,0.918088,0.943608,0.893313,0.934905,0.912623,0.952664,0.876022,0.925909
30,dolphin,0,0.874969,0.947178,0.889804,0.931572,0.939095,0.852096,0.908763,0.903908,0.886014,0.868830,0.899227,0.893803,0.904282,0.868559,0.916378,0.915974,0.883599,0.862134,0.917540,0.904330,0.835340,0.916583,0.893970,0.910624,0.876336,0.877261,0.925591,0.946010,0.880764,0.929164,1.000000,0.929103,0.946015,0.904126,0.918863,0.889378,0.886347,0.871871,0.929712,0.901033,0.897914,0.853807,0.928313,0.910655,0.932671,0.927279,0.899629,0.889566,0.866369,0.902683,0.926410,0.914929,0.889376,0.881258,0.904017,0.955077,0.914840,0.887455,0.858385,0.905832,0.852699,0.881864,0.878701,0.909541,0.925097,0.902896,0.902040,0.966910,0.877612,0.895377,0.882176,0.903872,0.935243,0.979346,0.919632,0.903922,0.865501,0.898473,0.902651,0.898663,0.924298,0.857717,0.891503,0.869915,0.884057,0.886184,0.875364,0.848816,0.910538,0.872377,0.851403,0.911058,0.897856,0.954065,0.862941,0.978422,0.895631,0.918379,0.863753,0.892201
31,elephant,0,0.885909,0.913765,0.912163,0.967115,0.958551,0.875457,0.921635,0.918727,0.906252,0.875993,0.905627,0.915309,0.908786,0.891214,0.925863,0.960612,0.898908,0.883279,0.930463,0.954660,0.846250,0.954930,0.901063,0.911862,0.885125,0.895540,0.925266,0.954759,0.890099,0.951663,0.929103,1.000000,0.938594,0.930847,0.934504,0.910286,0.896931,0.898061,0.956894,0.909627,0.908423,0.873202,0.961496,0.952724,0.938927,0.928716,0.918890,0.921107,0.885328,0.916704,0.936795,0.933783,0.925413,0.879298,0.910635,0.957547,0.928655,0.895575,0.889282,0.931282,0.865636,0.881798,0.878772,0.928671,0.934580,0.926346,0.922949,0.943990,0.899128,0.878690,0.896340,0.884706,0.937806,0.926185,0.937127,0.914190,0.869032,0.917749,0.922654,0.905012,0.945736,0.885527,0.902887,0.884351,0.903497,0.895748,0.885247,0.863059,0.938828,0.902063,0.867139,0.877453,0.904385,0.934550,0.878077,0.925370,0.922749,0.942762,0.878143,0.895248
32,flatfish,0,0.927937,0.965063,0.939981,0.955395,0.972248,0.906701,0.948057,0.948385,0.932453,0.923905,0.957147,0.948220,0.934575,0.912650,0.955213,0.942574,0.941814,0.898402,0.962712,0.940952,0.877597,0.951005,0.942142,0.941080,0.921959,0.932792,0.972440,0.975126,0.933925,0.953432,0.946015,0.938594,1.000000,0.947386,0.939037,0.941186,0.929228,0.919931,0.946401,0.949443,0.953980,0.908713,0.956341,0.937880,0.965820,0.975547,0.953961,0.936995,0.913907,0.927149,0.964915,0.965597,0.933524,0.925843,0.941058,0.977591,0.944709,0.940653,0.912541,0.947870,0.874745,0.939519,0.916005,0.942572,0.951452,0.944642,0.931255,0.977768,0.914642,0.917011,0.928903,0.915889,0.951768,0.954005,0.953686,0.953495,0.886274,0.960770,0.929204,0.936518,0.957078,0.907396,0.930731,0.920708,0.938637,0.918832,0.924554,0.896895,0.934329,0.927902,0.884820,0.942044,0.936765,0.973637,0.920655,0.949658,0.939493,0.942100,0.903697,0.937964
33,forest,0,0.903226,0.916333,0.906326,0.944539,0.953981,0.905623,0.934739,0.922056,0.918651,0.898748,0.924024,0.917504,0.947185,0.905145,0.939971,0.924446,0.912725,0.920140,0.947179,0.920887,0.864007,0.931011,0.920001,0.960658,0.876498,0.922477,0.937114,0.958131,0.911660,0.929202,0.904126,0.930847,0.947386,1.000000,0.929456,0.915919,0.872850,0.942432,0.934590,0.935696,0.934487,0.878682,0.949096,0.924334,0.934275,0.950856,0.925307,0.974905,0.884018,0.953648,0.923713,0.957574,0.971482,0.896759,0.939376,0.950075,0.957103,0.909712,0.896575,0.983111,0.901685,0.905940,0.909874,0.916862,0.921878,0.912579,0.911080,0.950816,0.946912,0.898119,0.922284,0.933378,0.926424,0.910818,0.935034,0.911564,0.885173,0.939821,0.926192,0.915313,0.936199,0.938560,0.944429,0.889739,0.920719,0.893254,0.896840,0.875520,0.920393,0.927501,0.887476,0.906527,0.931241,0.928290,0.914618,0.922329,0.980440,0.939491,0.875317,0.902152
34,fox,0,0.896931,0.933932,0.908410,0.967727,0.966873,0.869285,0.935160,0.923798,0.893961,0.876712,0.906886,0.915156,0.890347,0.873019,0.931430,0.943583,0.891651,0.866251,0.930430,0.936175,0.841471,0.939345,0.898841,0.903006,0.891806,0.891015,0.938142,0.952324,0.885066,0.952214,0.918863,0.934504,0.939037,0.929456,1.000000,0.911454,0.938796,0.884920,0.970462,0.901500,0.903088,0.865418,0.970877,0.960583,0.951764,0.939185,0.912552,0.910171,0.878525,0.906467,0.956353,0.929956,0.904562,0.897605,0.916391,0.963121,0.906957,0.901031,0.874971,0.920648,0.839816,0.884070,0.888919,0.945622,0.959542,0.948451,0.955743,0.940408,0.881746,0.882221,0.900101,0.868631,0.953591,0.927648,0.956869,0.919483,0.850721,0.918457,0.921161,0.917733,0.953840,0.882290,0.903282,0.886149,0.891531,0.878875,0.878824,0.859413,0.958038,0.884636,0.857974,0.900539,0.909869,0.938782,0.872969,0.916242,0.909733,0.970166,0.870471,0.886859
35,girl,0,0.899610,0.909009,0.976734,0.922783,0.922240,0.888495,0.913403,0.894397,0.907152,0.884138,0.917936,0.984518,0.900825,0.891178,0.917695,0.923274,0.908383,0.878974,0.914508,0.907407,0.856711,0.934102,0.916855,0.907633,0.871017,0.911468,0.926912,0.915861,0.898718,0.913167,0.889378,0.910286,0.941186,0.915919,0.911454,1.000000,0.907142,0.896661,0.913252,0.925399,0.920361,0.877201,0.920717,0.923231,0.916024,0.936618,0.952989,0.910993,0.892387,0.901704,0.918804,0.916284,0.905868,0.899050,0.925702,0.925158,0.921405,0.904387,0.884853,0.915264,0.827784,0.907379,0.887641,0.895056,0.908244,0.909312,0.894476,0.923888,0.886096,0.884194,0.924130,0.874982,0.905815,0.899375,0.911665,0.908013,0.866840,0.899991,0.882756,0.898573,0.923088,0.894628,0.915829,0.902332,0.905430,0.870381,0.892493,0.878724,0.920128,0.875379,0.852712,0.861421,0.925832,0.914627,0.892622,0.886877,0.902869,0.914353,0.947506,0.881026
36,hamster,0,0.892674,0.933931,0.910156,0.929547,0.942472,0.839928,0.909429,0.912704,0.862879,0.855520,0.895817,0.909145,0.841145,0.838383,0.913000,0.905391,0.878096,0.821949,0.913546,0.901711,0.812962,0.924900,0.881285,0.864779,0.893921,0.865371,0.926559,0.921975,0.864993,0.924439,0.886347,0.896931,0.929228,0.872850,0.938796,0.907142,1.000000,0.839413,0.925541,0.885086,0.887189,0.853567,0.924604,0.922364,0.939717,0.917126,0.888004,0.865551,0.848934,0.846412,0.976414,0.904851,0.857407,0.893008,0.893508,0.939580,0.868596,0.906514,0.835280,0.869554,0.778756,0.870354,0.871995,0.925867,0.950374,0.941686,0.932506,0.909460,0.832251,0.852193,0.886229,0.824811,0.937396,0.895553,0.942295,0.915614,0.810511,0.900384,0.896601,0.905487,0.937569,0.840864,0.874374,0.877201,0.864663,0.853473,0.862190,0.836243,0.909120,0.846298,0.823557,0.869650,0.891346,0.921321,0.852144,0.880033,0.858801,0.926389,0.858961,0.887671
37,house,0,0.879876,0.872596,0.890405,0.903646,0.905384,0.936186,0.892842,0.879868,0.913976,0.890816,0.912379,0.899347,0.953845,0.929514,0.895255,0.896153,0.902399,0.954174,0.905300,0.903931,0.884481,0.887938,0.914946,0.923863,0.848619,0.940743,0.900067,0.910835,0.906276,0.890441,0.871871,0.898061,0.919931,0.942432,0.884920,0.896661,0.839413,1.000000,0.899175,0.925231,0.934069,0.885905,0.907432,0.883800,0.893302,0.914620,0.914377,0.956536,0.884867,0.927630,0.884143,0.916091,0.958951,0.872166,0.907689,0.905935,0.944734,0.881745,0.912480,0.956413,0.886902,0.898347,0.872388,0.874148,0.881282,0.884987,0.863822,0.910411,0.943534,0.881177,0.897284,0.900308,0.874146,0.879678,0.884132,0.890116,0.905843,0.902952,0.878836,0.874674,0.908822,0.922205,0.909410,0.878711,0.930646,0.879205,0.895930,0.883425,0.884586,0.908750,0.893042,0.862451,0.903719,0.902506,0.923384,0.885706,0.948341,0.889968,0.855695,0.860534
38,kangaroo,0,0.896441,0.918435,0.916521,0.965716,0.968122,0.876295,0.929536,0.928351,0.904970,0.883413,0.910242,0.919574,0.906533,0.889220,0.930005,0.962073,0.899729,0.886905,0.937829,0.954169,0.849426,0.945277,0.905891,0.914185,0.900707,0.898758,0.939549,0.963498,0.891269,0.956104,0.929712,0.956894,0.946401,0.934590,0.970462,0.913252,0.925541,0.899175,1.000000,0.908869,0.910777,0.880879,0.973465,0.956379,0.960642,0.937701,0.917747,0.924328,0.886838,0.913958,0.961210,0.935968,0.927165,0.891759,0.918377,0.969141,0.926163,0.903972,0.887640,0.936687,0.869898,0.889525,0.886792,0.960472,0.967155,0.961861,0.954532,0.947563,0.902641,0.887494,0.903006,0.887197,0.948993,0.934211,0.958811,0.930524,0.864685,0.931768,0.925198,0.925595,0.961304,0.885794,0.905259,0.888634,0.901254,0.893198,0.885299,0.864863,0.949015,0.896938,0.870162,0.889252,0.911303,0.948575,0.881497,0.923129,0.926867,0.963356,0.870101,0.896804
39,keyboard,0,0.924351,0.910333,0.920564,0.916936,0.922968,0.916886,0.923753,0.914677,0.931304,0.921079,0.949987,0.931163,0.941068,0.918891,0.925066,0.915827,0.945419,0.912954,0.938456,0.909661,0.895582,0.923418,0.956391,0.947875,0.890319,0.947581,0.933798,0.932136,0.935737,0.922185,0.901033,0.909627,0.949443,0.935696,0.901500,0.925399,0.885086,0.925231,0.908869,1.000000,0.958917,0.907158,0.924862,0.907806,0.925289,0.946378,0.944757,0.935439,0.907751,0.927649,0.918744,0.935391,0.930801,0.917839,0.931702,0.928456,0.936134,0.923189,0.903610,0.938354,0.871778,0.932581,0.899092,0.884697,0.902007,0.904234,0.885630,0.939824,0.923946,0.928945,0.923947,0.911548,0.899939,0.909146,0.900923,0.926434,0.911120,0.921501,0.899492,0.907618,0.925161,0.909936,0.922203,0.921874,0.938881,0.906520,0.953583,0.932684,0.907077,0.914021,0.890669,0.867844,0.931786,0.919919,0.944698,0.911317,0.929729,0.908288,0.890105,0.919855
40,lamp,0,0.925586,0.918087,0.917028,0.917382,0.926037,0.945512,0.929401,0.925115,0.933030,0.940334,0.974526,0.924295,0.933037,0.919108,0.937038,0.920148,0.955321,0.909252,0.940825,0.908662,0.929953,0.915805,0.962125,0.936940,0.900801,0.966053,0.942898,0.931409,0.972663,0.931543,0.897914,0.908423,0.953980,0.934487,0.903088,0.920361,0.887189,0.934069,0.910777,0.958917,1.000000,0.921957,0.923441,0.907176,0.931205,0.952723,0.932687,0.940092,0.910371,0.921873,0.923916,0.947109,0.935989,0.921078,0.941840,0.933629,0.941932,0.935435,0.914009,0.945396,0.859314,0.955899,0.911139,0.894727,0.909728,0.912515,0.886946,0.937515,0.912687,0.922424,0.928822,0.899935,0.900565,0.904334,0.904563,0.936520,0.898457,0.933624,0.899198,0.918607,0.926823,0.912222,0.929062,0.926277,0.973006,0.907337,0.945969,0.930572,0.904017,0.910058,0.887205,0.882486,0.935395,0.928039,0.954732,0.915068,0.928414,0.912070,0.893807,0.922853
41,lawn mower,0,0.882942,0.869007,0.880748,0.881745,0.883273,0.892838,0.884275,0.889936,0.923257,0.895615,0.907550,0.888398,0.879276,0.908126,0.887548,0.885524,0.918096,0.854784,0.899806,0.893045,0.902743,0.872344,0.905573,0.869798,0.864244,0.914902,0.890243,0.883973,0.893729,0.889028,0.853807,0.873202,0.908713,0.878682,0.865418,0.877201,0.853567,0.885905,0.880879,0.907158,0.921957,1.000000,0.877607,0.862852,0.891839,0.898039,0.888325,0.889133,0.933372,0.871169,0.883145,0.888018,0.889226,0.876388,0.881615,0.888324,0.891491,0.882569,0.929721,0.895039,0.822902,0.893392,0.847847,0.865136,0.866377,0.879583,0.849039,0.882823,0.870942,0.875422,0.873113,0.835383,0.863838,0.865062,0.873425,0.907444,0.836376,0.879780,0.861214,0.867212,0.881697,0.860281,0.872391,0.891220,0.897454,0.896745,0.928848,0.892802,0.861259,0.911032,0.873742,0.849546,0.880750,0.885399,0.885024,0.866468,0.876143,0.859839,0.832227,0.865329
