class_id,class_name,intro_session,0:Black footed Albatross,1:Laysan Albatross,2:Sooty Albatross,3:Groove billed Ani,4:Crested Auklet,5:Least Auklet,6:Parakeet Auklet,7:Rhinoceros Auklet,8:Brewer Blackbird,9:Red winged Blackbird,10:Rusty Blackbird,11:Yellow headed Blackbird,12:Bobolink,13:Indigo Bunting,14:Lazuli Bunting,15:Painted Bunting,16:Cardinal,17:Spotted Catbird,18:Gray Catbird,19:Yellow breasted Chat,20:Eastern Towhee,21:Chuck will Widow,22:Brandt Cormorant,23:Red faced Cormorant,24:Pelagic Cormorant,25:Bronzed Cowbird,26:Shiny Cowbird,27:Brown Creeper,28:American Crow,29:Fish Crow,30:Black billed Cuckoo,31:Mangrove Cuckoo,32:Yellow billed Cuckoo,33:Gray crowned Rosy Finch,34:Purple Finch,35:Northern Flicker,36:Acadian Flycatcher,37:Great Crested Flycatcher,38:Least Flycatcher,39:Olive sided Flycatcher,40:Scissor tailed Flycatcher,41:Vermilion Flycatcher,42:Yellow bellied Flycatcher,43:Frigatebird,44:Northern Fulmar,45:Gadwall,46:American Goldfinch,47:European Goldfinch,48:Boat tailed Grackle,49:Eared Grebe,50:Horned Grebe,51:Pied billed Grebe,52:Western Grebe,53:Blue Grosbeak,54:Evening Grosbeak,55:Pine Grosbeak,56:Rose breasted Grosbeak,57:Pigeon Guillemot,58:California Gull,59:Glaucous winged Gull,60:Heermann Gull,61:Herring Gull,62:Ivory Gull,63:Ring billed Gull,64:Slaty backed Gull,65:Western Gull,66:Anna Hummingbird,67:Ruby throated Hummingbird,68:Rufous Hummingbird,69:Green Violetear,70:Long tailed Jaeger,71:Pomarine Jaeger,72:Blue Jay,73:Florida Jay,74:Green Jay,75:Dark eyed Junco,76:Tropical Kingbird,77:Gray Kingbird,78:Belted Kingfisher,79:Green Kingfisher,80:Pied Kingfisher,81:Ringed Kingfisher,82:White breasted Kingfisher,83:Red legged Kittiwake,84:Horned Lark,85:Pacific Loon,86:Mallard,87:Western Meadowlark,88:Hooded Merganser,89:Red breasted Merganser,90:Mockingbird,91:Nighthawk,92:Clark Nutcracker,93:White breasted Nuthatch,94:Baltimore Oriole,95:Hooded Oriole,96:Orchard Oriole,97:Scott Oriole,98:Ovenbird,99:Brown Pelican,100:White Pelican,101:Western Wood Pewee,102:Sayornis,103:American Pipit,104:Whip poor Will,105:Horned Puffin,106:Common Raven,107:White necked Raven,108:American Redstart,109:Geococcyx,110:Loggerhead Shrike,111:Great Grey Shrike,112:Baird Sparrow,113:Black throated Sparrow,114:Brewer Sparrow,115:Chipping Sparrow,116:Clay colored Sparrow,117:House Sparrow,118:Field Sparrow,119:Fox Sparrow,120:Grasshopper Sparrow,121:Harris Sparrow,122:Henslow Sparrow,123:Le Conte Sparrow,124:Lincoln Sparrow,125:Nelson Sharp tailed Sparrow,126:Savannah Sparrow,127:Seaside Sparrow,128:Song Sparrow,129:Tree Sparrow,130:Vesper Sparrow,131:White crowned Sparrow,132:White throated Sparrow,133:Cape Glossy Starling,134:Bank Swallow,135:Barn Swallow,136:Cliff Swallow,137:Tree Swallow,138:Scarlet Tanager,139:Summer Tanager,140:Artic Tern,141:Black Tern,142:Caspian Tern,143:Common Tern,144:Elegant Tern,145:Forsters Tern,146:Least Tern,147:Green tailed Towhee,148:Brown Thrasher,149:Sage Thrasher,150:Black capped Vireo,151:Blue headed Vireo,152:Philadelphia Vireo,153:Red eyed Vireo,154:Warbling Vireo,155:White eyed Vireo,156:Yellow throated Vireo,157:Bay breasted Warbler,158:Black and white Warbler,159:Black throated Blue Warbler,160:Blue winged Warbler,161:Canada Warbler,162:Cape May Warbler,163:Cerulean Warbler,164:Chestnut sided Warbler,165:Golden winged Warbler,166:Hooded Warbler,167:Kentucky Warbler,168:Magnolia Warbler,169:Mourning Warbler,170:Myrtle Warbler,171:Nashville Warbler,172:Orange crowned Warbler,173:Palm Warbler,174:Pine Warbler,175:Prairie Warbler,176:Prothonotary Warbler,177:Swainson Warbler,178:Tennessee Warbler,179:Wilson Warbler,180:Worm eating Warbler,181:Yellow Warbler,182:Northern Waterthrush,183:Louisiana Waterthrush,184:Bohemian Waxwing,185:Cedar Waxwing,186:American Three toed Woodpecker,187:Pileated Woodpecker,188:Red bellied Woodpecker,189:Red cockaded Woodpecker,190:Red headed Woodpecker,191:Downy Woodpecker,192:Bewick Wren,193:Cactus Wren,194:Carolina Wren,195:House Wren,196:Marsh Wren,197:Rock Wren,198:Winter Wren,199:Common Yellowthroat
0,Black footed Albatross,0,1.000000,0.957700,0.963800,0.806986,0.879704,0.852065,0.850391,0.928884,0.801443,0.761319,0.805379,0.782518,0.772930,0.731308,0.732375,0.730665,0.731657,0.777099,0.786855,0.751246,0.747000,0.786765,0.918441,0.874032,0.916375,0.784556,0.787943,0.761112,0.796834,0.825573,0.798873,0.790736,0.795904,0.789961,0.738854,0.767833,0.761159,0.769573,0.753603,0.783347,0.781686,0.747517,0.768912,0.922701,0.944271,0.885896,0.727851,0.739047,0.812293,0.850403,0.854295,0.871623,0.839876,0.723055,0.754252,0.753449,0.740535,0.904150,0.883686,0.898492,0.900698,0.898816,0.873502,0.884257,0.928418,0.888284,0.787753,0.792917,0.791277,0.763731,0.926479,0.947052,0.756157,0.791908,0.754657,0.756467,0.783630,0.798863,0.803212,0.780400,0.791293,0.786448,0.785809,0.893590,0.765544,0.901133,0.821484,0.728712,0.830612,0.863361,0.807935,0.818675,0.823160,0.776437,0.730497,0.746498,0.751755,0.761104,0.734745,0.886026,0.842069,0.768654,0.796789,0.733524,0.796143,0.881032,0.801237,0.868052,0.726274,0.773626,0.777633,0.764139,0.702260,0.759549,0.747399,0.745818,0.728183,0.759494,0.747238,0.729578,0.711332,0.745217,0.706566,0.721277,0.718035,0.753493,0.693667,0.749547,0.732237,0.734072,0.706334,0.734223,0.732651,0.765863,0.797434,0.792906,0.776022,0.766192,0.734490,0.700330,0.838759,0.854028,0.855020,0.817254,0.860419,0.843261,0.828505,0.766291,0.754713,0.722878,0.747164,0.757859,0.763258,0.752105,0.760881,0.758772,0.753184,0.754043,0.734455,0.745070,0.772238,0.728657,0.741258,0.743075,0.739751,0.755274,0.753338,0.728038,0.718347,0.754059,0.712493,0.720553,0.749877,0.729314,0.740520,0.712220,0.743180,0.776553,0.758694,0.728390,0.726141,0.757681,0.703427,0.703225,0.766793,0.780538,0.741170,0.750040,0.747622,0.757145,0.772450,0.715668,0.767939,0.738039,0.745258,0.753382,0.742918,0.755004,0.748556,0.741020
1,Laysan Albatross,0,0.957700,1.000000,0.948982,0.823876,0.892228,0.863345,0.879619,0.924114,0.816763,0.787949,0.802490,0.805460,0.797941,0.761885,0.761730,0.762048,0.766246,0.789670,0.797488,0.775622,0.776468,0.797237,0.922006,0.893881,0.917736,0.798395,0.807256,0.788986,0.816893,0.844071,0.823712,0.820785,0.838645,0.790578,0.760005,0.788606,0.781938,0.794652,0.779255,0.808686,0.823533,0.775653,0.788153,0.953873,0.942666,0.868431,0.769600,0.765745,0.833619,0.848815,0.854454,0.864298,0.873076,0.745384,0.776576,0.765515,0.790371,0.906502,0.935476,0.932397,0.932937,0.940603,0.906114,0.925173,0.949940,0.939831,0.806385,0.812562,0.801981,0.781161,0.939663,0.939396,0.793737,0.817329,0.792119,0.784013,0.815145,0.837251,0.849612,0.826938,0.852578,0.832307,0.836022,0.931543,0.790634,0.904414,0.853341,0.761936,0.845153,0.879871,0.833769,0.833779,0.848418,0.811561,0.766205,0.781023,0.770934,0.785135,0.754970,0.919628,0.889666,0.781789,0.818081,0.738378,0.803169,0.918778,0.821348,0.879061,0.752794,0.807205,0.812699,0.799541,0.714699,0.793733,0.758631,0.775313,0.751082,0.781713,0.776045,0.744993,0.734621,0.767754,0.733101,0.741771,0.729740,0.761467,0.717042,0.754147,0.758686,0.755800,0.725909,0.765847,0.760784,0.796192,0.828576,0.823172,0.810276,0.813522,0.769662,0.730245,0.886119,0.878303,0.910186,0.876568,0.911170,0.898049,0.882266,0.784914,0.770559,0.736597,0.768536,0.780018,0.774701,0.787321,0.781726,0.787403,0.763186,0.773161,0.774507,0.779499,0.797539,0.752475,0.765191,0.785382,0.775169,0.787504,0.782338,0.753453,0.751220,0.777128,0.737528,0.732145,0.763617,0.748600,0.756777,0.731904,0.766793,0.807405,0.775212,0.754220,0.740258,0.780209,0.725485,0.726831,0.778303,0.797391,0.768553,0.798236,0.783806,0.789836,0.818161,0.765439,0.785662,0.759516,0.762958,0.758293,0.766688,0.775462,0.748108,0.772523
2,Sooty Albatross,0,0.963800,0.948982,1.000000,0.815057,0.906051,0.896054,0.893316,0.916713,0.844973,0.794602,0.832954,0.796745,0.804622,0.759651,0.759949,0.763973,0.745694,0.794454,0.832959,0.787535,0.787551,0.795677,0.905965,0.884393,0.901521,0.822749,0.821676,0.780032,0.814954,0.841643,0.827243,0.812778,0.820542,0.812389,0.750953,0.792719,0.794281,0.793751,0.788796,0.818120,0.812985,0.783429,0.799359,0.925856,0.956223,0.864137,0.741274,0.754122,0.838551,0.843804,0.846115,0.846632,0.836738,0.742439,0.767467,0.769266,0.765906,0.928569,0.891829,0.906581,0.912368,0.908079,0.906757,0.903275,0.930164,0.896342,0.821113,0.823040,0.822507,0.802561,0.958899,0.963789,0.779604,0.815562,0.782959,0.793629,0.814403,0.833058,0.831744,0.801132,0.807228,0.806392,0.785898,0.928792,0.796195,0.901904,0.813698,0.758684,0.847066,0.844828,0.835102,0.839856,0.842647,0.811291,0.757184,0.769511,0.788990,0.792729,0.758447,0.847272,0.806893,0.803476,0.828993,0.771169,0.811781,0.876170,0.815181,0.876478,0.769452,0.786562,0.810044,0.801065,0.718422,0.801290,0.767254,0.765713,0.744581,0.776784,0.770967,0.762812,0.734062,0.754215,0.718698,0.738086,0.745689,0.773638,0.721144,0.765932,0.753538,0.747991,0.729209,0.754988,0.751561,0.806160,0.839532,0.818722,0.795316,0.817517,0.752727,0.714965,0.894172,0.913465,0.877275,0.864959,0.886594,0.892366,0.863955,0.791986,0.767253,0.755602,0.792468,0.793986,0.797204,0.779677,0.787900,0.792068,0.783606,0.775936,0.770508,0.794305,0.790282,0.769982,0.763002,0.783852,0.771092,0.793547,0.790508,0.775427,0.755855,0.797355,0.753777,0.758124,0.780542,0.760305,0.764357,0.736249,0.775688,0.806188,0.780515,0.768605,0.747401,0.784565,0.735649,0.734644,0.786496,0.802502,0.769413,0.756226,0.760011,0.777338,0.795053,0.745954,0.804858,0.759156,0.758532,0.783854,0.763335,0.795165,0.781197,0.778362
3,Groove billed Ani,0,0.806986,0.823876,0.815057,1.000000,0.864774,0.850274,0.826329,0.846996,0.944438,0.914899,0.926581,0.892760,0.898760,0.875894,0.846049,0.862025,0.831819,0.896836,0.913533,0.852117,0.881486,0.875746,0.883180,0.862941,0.879088,0.960383,0.965390,0.842351,0.945719,0.963644,0.873725,0.897730,0.884680,0.865271,0.847029,0.824402,0.843579,0.863478,0.836161,0.872778,0.843321,0.856661,0.855198,0.880674,0.816876,0.784891,0.818254,0.778978,0.950218,0.788738,0.774032,0.816474,0.757934,0.883672,0.855420,0.840464,0.870355,0.845057,0.809241,0.816009,0.821731,0.817761,0.795482,0.809958,0.820553,0.803932,0.853103,0.823817,0.821119,0.853768,0.840218,0.839926,0.839838,0.918581,0.878067,0.869647,0.881068,0.881412,0.868702,0.857175,0.840257,0.859576,0.843976,0.804852,0.785010,0.787763,0.777626,0.792583,0.765959,0.771322,0.891053,0.874231,0.887266,0.832213,0.859437,0.872692,0.901589,0.889346,0.816803,0.804997,0.771408,0.836919,0.899882,0.777922,0.851447,0.799405,0.932903,0.918337,0.852583,0.867976,0.873912,0.829442,0.760736,0.834642,0.821113,0.786499,0.795325,0.846028,0.813363,0.833173,0.776849,0.818725,0.793513,0.779272,0.813521,0.823444,0.769460,0.836865,0.813340,0.783537,0.793882,0.795653,0.795174,0.910942,0.849734,0.871800,0.862272,0.832530,0.858726,0.829506,0.772456,0.855408,0.797410,0.757827,0.778118,0.802693,0.780711,0.855415,0.868100,0.841625,0.812505,0.833822,0.830489,0.815080,0.812070,0.829798,0.815498,0.828410,0.824470,0.876136,0.839420,0.824228,0.824294,0.838569,0.804413,0.809507,0.824935,0.811646,0.813915,0.849513,0.799220,0.801549,0.837170,0.812792,0.823916,0.788728,0.813101,0.841909,0.831172,0.818908,0.774121,0.827165,0.803220,0.791522,0.776464,0.837353,0.841753,0.822048,0.794588,0.824194,0.871944,0.806295,0.835208,0.829732,0.815139,0.844735,0.810963,0.818107,0.820902,0.830036
4,Crested Auklet,0,0.879704,0.892228,0.906051,0.864774,1.000000,0.940673,0.968983,0.951020,0.885311,0.859588,0.857064,0.812004,0.827510,0.781882,0.774771,0.796618,0.791858,0.821823,0.846129,0.795369,0.832890,0.813205,0.914787,0.953325,0.914500,0.875161,0.863338,0.784902,0.859421,0.871056,0.815086,0.819332,0.832971,0.838212,0.780944,0.787659,0.800524,0.790515,0.792785,0.827901,0.789450,0.798429,0.807314,0.897835,0.894814,0.824083,0.768389,0.784592,0.865034,0.860658,0.851202,0.860957,0.837407,0.783906,0.820350,0.786225,0.827472,0.941726,0.877787,0.891569,0.903928,0.889649,0.852832,0.872634,0.896967,0.893263,0.798831,0.789681,0.781496,0.782666,0.896410,0.888743,0.786145,0.824781,0.795694,0.840811,0.802809,0.814325,0.851152,0.811751,0.805710,0.828008,0.811938,0.914631,0.782066,0.859625,0.819317,0.772537,0.829533,0.857644,0.830653,0.828638,0.844559,0.803925,0.788485,0.796971,0.823643,0.820393,0.773963,0.824373,0.800787,0.808930,0.834980,0.763242,0.803041,0.911752,0.858882,0.897614,0.807277,0.793167,0.789673,0.783618,0.743882,0.781332,0.766246,0.770315,0.753921,0.788239,0.779548,0.793129,0.757057,0.777102,0.746671,0.730354,0.767047,0.783105,0.737527,0.811209,0.759964,0.761174,0.730626,0.793718,0.772606,0.841417,0.829026,0.838487,0.804881,0.811543,0.780681,0.751534,0.854709,0.884993,0.871918,0.838534,0.861136,0.882688,0.863996,0.822067,0.775643,0.771648,0.784529,0.783301,0.789003,0.757773,0.773569,0.785627,0.777089,0.775701,0.766127,0.804339,0.777177,0.793185,0.770619,0.781819,0.777048,0.791198,0.802965,0.785617,0.758669,0.816785,0.767729,0.760671,0.779633,0.779008,0.765997,0.725111,0.757167,0.815072,0.782623,0.786951,0.763014,0.766336,0.764582,0.762589,0.788594,0.789690,0.796613,0.785726,0.756121,0.778770,0.816666,0.776222,0.808353,0.761664,0.770917,0.796202,0.795032,0.793953,0.798344,0.785841
5,Least Auklet,0,0.852065,0.863345,0.896054,0.850274,0.940673,1.000000,0.962612,0.919851,0.882365,0.827122,0.870786,0.791882,0.853889,0.780185,0.786808,0.767157,0.767027,0.838007,0.862694,0.796163,0.845773,0.836851,0.865642,0.881531,0.864465,0.859611,0.854746,0.829426,0.841607,0.848347,0.840306,0.814218,0.836809,0.872011,0.795929,0.821052,0.839098,0.818075,0.834349,0.866127,0.825078,0.796033,0.836062,0.853490,0.897272,0.818123,0.761204,0.785896,0.847142,0.826308,0.827536,0.834141,0.799122,0.786893,0.807961,0.808174,0.841533,0.932341,0.860460,0.881940,0.895560,0.877182,0.868943,0.876482,0.900786,0.870585,0.819037,0.801367,0.794262,0.776446,0.903979,0.903767,0.824249,0.840041,0.780284,0.857596,0.820889,0.860635,0.869530,0.826153,0.850235,0.829887,0.785515,0.905743,0.814432,0.866730,0.786002,0.784950,0.841143,0.828392,0.871228,0.884657,0.877813,0.846937,0.782641,0.778546,0.819026,0.826273,0.811948,0.777276,0.742625,0.845081,0.857367,0.809748,0.845645,0.875450,0.836270,0.882657,0.807469,0.814836,0.840573,0.838245,0.777916,0.825900,0.797466,0.793114,0.778921,0.822863,0.806651,0.834401,0.790361,0.809866,0.768749,0.741695,0.799655,0.799670,0.767909,0.811678,0.808511,0.790720,0.774826,0.808873,0.792041,0.829579,0.868362,0.829638,0.828826,0.850285,0.756020,0.733170,0.841170,0.895902,0.824705,0.813787,0.821579,0.871070,0.839732,0.821680,0.786736,0.826208,0.823177,0.822656,0.808360,0.778685,0.797519,0.803415,0.800791,0.799468,0.829099,0.845936,0.762461,0.792223,0.774187,0.824931,0.802727,0.795912,0.793018,0.776649,0.779193,0.814046,0.809614,0.770387,0.782386,0.793622,0.772854,0.735952,0.750065,0.812834,0.791939,0.765592,0.764925,0.761111,0.789232,0.807443,0.785663,0.786672,0.849706,0.776812,0.778763,0.835578,0.825987,0.837028,0.829076,0.794627,0.786987,0.811527,0.789613,0.833514,0.813405,0.778372
6,Parakeet Auklet,0,0.850391,0.879619,0.893316,0.826329,0.968983,0.962612,1.000000,0.934914,0.864926,0.833145,0.838574,0.786203,0.828810,0.763254,0.767482,0.770899,0.765219,0.803887,0.830646,0.784513,0.831228,0.797536,0.878351,0.916014,0.877962,0.847236,0.834007,0.786452,0.826097,0.835641,0.812896,0.796333,0.826773,0.833611,0.773934,0.791225,0.817889,0.796092,0.814834,0.838306,0.789869,0.785526,0.818421,0.872470,0.884359,0.817245,0.762982,0.787930,0.835627,0.833913,0.832429,0.830593,0.822193,0.759563,0.804102,0.782100,0.839246,0.941474,0.864459,0.880315,0.897848,0.879922,0.856446,0.864667,0.891167,0.882336,0.801549,0.788255,0.778278,0.770332,0.889768,0.880632,0.786068,0.805685,0.773392,0.839687,0.795047,0.823159,0.851282,0.815473,0.821048,0.814120,0.802815,0.911823,0.786985,0.860104,0.799870,0.764533,0.837585,0.856589,0.829646,0.834782,0.842125,0.818494,0.776025,0.778934,0.801813,0.810408,0.787983,0.792099,0.770941,0.823342,0.827612,0.793032,0.801697,0.910503,0.828056,0.871432,0.803293,0.776714,0.790266,0.785858,0.754126,0.789432,0.769584,0.766222,0.754707,0.781265,0.785028,0.799988,0.768081,0.784291,0.745665,0.725933,0.764914,0.779343,0.737292,0.796440,0.764497,0.763410,0.741366,0.782272,0.757044,0.819544,0.836572,0.825606,0.802697,0.831488,0.760275,0.728326,0.855762,0.891282,0.859246,0.849136,0.849732,0.883321,0.855717,0.804381,0.753954,0.773857,0.801023,0.795961,0.794371,0.766541,0.785007,0.784389,0.776826,0.784732,0.787232,0.826282,0.761171,0.785055,0.767998,0.797156,0.791527,0.790060,0.795769,0.769595,0.768014,0.808627,0.782886,0.759199,0.777125,0.779847,0.765209,0.722742,0.749224,0.806670,0.783076,0.770519,0.753825,0.756410,0.771011,0.772057,0.774816,0.772444,0.808716,0.779455,0.760626,0.789761,0.831887,0.805053,0.810087,0.749342,0.750751,0.793900,0.790416,0.799560,0.790787,0.772373
7,Rhinoceros Auklet,0,0.928884,0.924114,0.916713,0.846996,0.951020,0.919851,0.934914,1.000000,0.867906,0.828046,0.854850,0.809861,0.829486,0.775935,0.773707,0.769289,0.763817,0.799184,0.831365,0.795457,0.820222,0.817595,0.936458,0.921592,0.933849,0.841503,0.847877,0.795013,0.850864,0.866060,0.813648,0.820807,0.837371,0.834750,0.769509,0.777266,0.807615,0.797442,0.804298,0.835702,0.795479,0.773371,0.809708,0.902473,0.928567,0.879395,0.766251,0.765490,0.859943,0.893616,0.887905,0.909249,0.880604,0.775078,0.810141,0.774389,0.810618,0.948628,0.897424,0.904563,0.908092,0.904400,0.870365,0.891732,0.923657,0.905605,0.793731,0.794367,0.780689,0.763351,0.910969,0.922367,0.793666,0.822684,0.778346,0.827876,0.805673,0.829804,0.859181,0.820791,0.825582,0.829649,0.810941,0.911240,0.795159,0.910611,0.852699,0.773212,0.870406,0.900289,0.838266,0.848009,0.843442,0.821789,0.783007,0.783618,0.810364,0.812462,0.785308,0.851445,0.824885,0.809374,0.835767,0.782881,0.810888,0.938574,0.848474,0.882648,0.798394,0.792992,0.808325,0.792060,0.749415,0.790836,0.773933,0.781664,0.768781,0.792773,0.782266,0.796183,0.765101,0.795409,0.751811,0.750548,0.772691,0.786418,0.750908,0.812736,0.776288,0.768712,0.746255,0.797261,0.780873,0.814884,0.850106,0.847787,0.819414,0.822606,0.757192,0.731034,0.849836,0.886407,0.874022,0.843255,0.871268,0.887035,0.887808,0.805298,0.775202,0.778005,0.795012,0.789166,0.795461,0.771206,0.784752,0.790369,0.778391,0.780432,0.783702,0.809235,0.778551,0.790835,0.778643,0.798383,0.778221,0.793486,0.796135,0.769968,0.771183,0.808417,0.773481,0.757733,0.777979,0.778950,0.766685,0.740315,0.758207,0.814704,0.790298,0.772661,0.763924,0.767140,0.785734,0.785665,0.772585,0.787225,0.800021,0.781980,0.751274,0.798653,0.803913,0.773876,0.811654,0.769823,0.783820,0.794178,0.798854,0.793290,0.787645,0.783650
8,Brewer Blackbird,0,0.801443,0.816763,0.844973,0.944438,0.885311,0.882365,0.864926,0.867906,1.000000,0.941780,0.960225,0.890636,0.918999,0.901600,0.868325,0.878130,0.850192,0.866557,0.941043,0.873085,0.910005,0.853283,0.895731,0.880475,0.888926,0.973805,0.980641,0.843084,0.961321,0.969540,0.868489,0.865351,0.866170,0.891253,0.855225,0.855447,0.860050,0.864131,0.859587,0.883328,0.842014,0.879142,0.866563,0.869994,0.834731,0.799694,0.825596,0.789304,0.979464,0.811759,0.795019,0.815747,0.786754,0.896012,0.867351,0.857513,0.880149,0.894344,0.832939,0.840954,0.850125,0.841937,0.843836,0.840944,0.838861,0.831934,0.877895,0.860788,0.856303,0.870745,0.862866,0.854353,0.876012,0.916203,0.878300,0.898500,0.880699,0.886389,0.881713,0.857438,0.836551,0.853554,0.828038,0.837992,0.834379,0.815680,0.808540,0.833563,0.817484,0.785957,0.912565,0.881049,0.914134,0.878222,0.880146,0.875367,0.922879,0.903301,0.845115,0.790381,0.749917,0.855744,0.914113,0.832564,0.846907,0.816160,0.938924,0.897488,0.882979,0.857578,0.869409,0.835810,0.780421,0.862405,0.822497,0.811230,0.804214,0.851375,0.818397,0.872704,0.816014,0.827346,0.797226,0.799646,0.843481,0.830920,0.791922,0.845354,0.831754,0.796992,0.809104,0.818103,0.824607,0.940127,0.876684,0.900738,0.873667,0.888036,0.855399,0.839056,0.818031,0.913323,0.815891,0.797704,0.806993,0.842697,0.825883,0.865116,0.865671,0.866462,0.846899,0.860452,0.860045,0.832710,0.830179,0.851405,0.844013,0.848412,0.843077,0.905197,0.847567,0.861548,0.846254,0.869848,0.815573,0.838981,0.854306,0.852138,0.845704,0.876022,0.829286,0.832922,0.864967,0.837997,0.854491,0.817349,0.853645,0.865921,0.843928,0.853389,0.798737,0.845131,0.851378,0.822889,0.817555,0.861692,0.863355,0.823598,0.815648,0.838200,0.884681,0.838078,0.867679,0.838490,0.831665,0.876430,0.832244,0.857089,0.857000,0.856535
9,Red winged Blackbird,0,0.761319,0.787949,0.794602,0.914899,0.859588,0.827122,0.833145,0.828046,0.941780,1.000000,0.934395,0.935712,0.926166,0.888528,0.885905,0.905150,0.889159,0.850222,0.909463,0.907495,0.926349,0.836019,0.863681,0.881288,0.867560,0.947847,0.937759,0.842462,0.908158,0.925109,0.858943,0.870441,0.865583,0.880096,0.877223,0.871635,0.855479,0.866851,0.855131,0.873314,0.862550,0.929665,0.866806,0.861759,0.782767,0.785329,0.865142,0.838972,0.941394,0.818532,0.808046,0.798702,0.805164,0.900343,0.894092,0.883669,0.927529,0.849329,0.792565,0.789219,0.810655,0.801720,0.796027,0.794762,0.791472,0.789527,0.872606,0.863755,0.866140,0.851041,0.836108,0.817554,0.861273,0.892050,0.877817,0.880996,0.885681,0.868587,0.884098,0.872776,0.845717,0.876530,0.839588,0.797221,0.852637,0.792597,0.799083,0.871278,0.822377,0.802462,0.889362,0.858549,0.864585,0.878223,0.931154,0.921951,0.951878,0.931092,0.845438,0.789776,0.766930,0.848686,0.891878,0.812635,0.826696,0.813616,0.890364,0.863441,0.929266,0.842342,0.860594,0.826221,0.797388,0.865824,0.827366,0.823209,0.820771,0.856344,0.825128,0.860583,0.824555,0.835977,0.820463,0.833157,0.825330,0.862506,0.803720,0.856868,0.836475,0.820849,0.812014,0.832503,0.821894,0.907542,0.854650,0.906391,0.884173,0.866001,0.908825,0.872742,0.811115,0.864943,0.841461,0.812583,0.826299,0.846124,0.825337,0.871229,0.856580,0.847257,0.858706,0.853549,0.854361,0.832930,0.826566,0.859572,0.857466,0.891145,0.849257,0.887753,0.883241,0.876455,0.880464,0.860869,0.868700,0.875278,0.878542,0.871933,0.876612,0.877302,0.864115,0.859505,0.857693,0.870965,0.866659,0.851847,0.875353,0.852491,0.841718,0.878564,0.813867,0.860451,0.830114,0.805503,0.834791,0.864700,0.872272,0.872800,0.862141,0.841744,0.907459,0.876226,0.849244,0.833234,0.828364,0.853673,0.842883,0.841318,0.824495,0.881933
10,Rusty Blackbird,0,0.805379,0.802490,0.832954,0.926581,0.857064,0.870786,0.838574,0.854850,0.960225,0.934395,1.000000,0.903390,0.926203,0.897308,0.898338,0.882025,0.857086,0.885224,0.945761,0.907928,0.938158,0.885012,0.876440,0.860707,0.879371,0.943854,0.955882,0.896724,0.915967,0.927648,0.914490,0.903748,0.905042,0.926889,0.886290,0.898540,0.902512,0.914600,0.906201,0.924260,0.887519,0.901789,0.908304,0.846112,0.827088,0.840984,0.838483,0.827001,0.954959,0.842817,0.836990,0.846844,0.808771,0.908699,0.888392,0.897134,0.879761,0.875359,0.811196,0.827159,0.837224,0.823979,0.836903,0.827554,0.829500,0.799736,0.886025,0.864901,0.880579,0.854408,0.860223,0.850776,0.877341,0.925460,0.866090,0.908485,0.902441,0.907883,0.898687,0.881104,0.851832,0.886888,0.838627,0.810498,0.867973,0.837015,0.798670,0.862049,0.835306,0.816468,0.943673,0.912177,0.896688,0.893471,0.887621,0.879115,0.945221,0.911780,0.901288,0.779055,0.753115,0.903610,0.935863,0.892490,0.867613,0.792919,0.880604,0.859972,0.906852,0.871726,0.892004,0.860807,0.827490,0.875422,0.873069,0.860461,0.865338,0.892828,0.870470,0.916273,0.852311,0.871457,0.840211,0.858572,0.894605,0.900146,0.839722,0.900779,0.883880,0.869196,0.857262,0.844289,0.872489,0.898025,0.897830,0.896368,0.903401,0.858637,0.873676,0.857635,0.791938,0.900192,0.805080,0.792226,0.802420,0.831608,0.813373,0.907820,0.922415,0.916852,0.882797,0.902475,0.893324,0.885502,0.887163,0.901618,0.884776,0.902383,0.870946,0.914012,0.878736,0.889265,0.874289,0.882176,0.859145,0.851803,0.866865,0.868032,0.879582,0.893940,0.863578,0.876134,0.897294,0.885088,0.886269,0.851892,0.867537,0.898198,0.894001,0.875037,0.854714,0.863920,0.897529,0.876975,0.857000,0.889870,0.883888,0.849891,0.853339,0.851974,0.883025,0.843565,0.918792,0.881371,0.893487,0.931985,0.889417,0.898154,0.904043,0.868600
11,Yellow headed Blackbird,0,0.782518,0.805460,0.796745,0.892760,0.812004,0.791882,0.786203,0.809861,0.890636,0.935712,0.903390,1.000000,0.940713,0.875092,0.888122,0.889224,0.850555,0.856009,0.870920,0.945516,0.894469,0.809112,0.844374,0.845707,0.842314,0.897824,0.899051,0.824197,0.856509,0.885213,0.864789,0.887735,0.870388,0.856494,0.853200,0.849202,0.857016,0.893116,0.854270,0.863539,0.881732,0.915306,0.882978,0.854321,0.784065,0.805181,0.910259,0.844216,0.914921,0.798047,0.799932,0.806050,0.792007,0.881390,0.924884,0.867261,0.886694,0.815028,0.792454,0.782926,0.795897,0.798099,0.787730,0.796299,0.792766,0.783742,0.852568,0.843176,0.851189,0.840961,0.843457,0.817671,0.850446,0.885403,0.900844,0.839017,0.924958,0.868616,0.863526,0.860888,0.841841,0.854943,0.834316,0.783871,0.870583,0.800311,0.791131,0.893829,0.839935,0.794818,0.882396,0.836096,0.853477,0.856110,0.946823,0.963519,0.935578,0.962823,0.846147,0.806463,0.792991,0.847970,0.893124,0.805924,0.799664,0.806059,0.842302,0.844415,0.912471,0.843507,0.877264,0.834927,0.801515,0.861736,0.822280,0.797310,0.820443,0.839458,0.823599,0.824288,0.820315,0.828647,0.826707,0.854405,0.797931,0.875312,0.813018,0.856099,0.823909,0.806562,0.808054,0.806706,0.806578,0.878797,0.847227,0.878912,0.872817,0.839959,0.904011,0.856139,0.768302,0.828317,0.809457,0.765612,0.790966,0.808717,0.802064,0.849154,0.844713,0.833498,0.867313,0.866775,0.881638,0.842707,0.835439,0.885210,0.899124,0.904342,0.846669,0.872412,0.927499,0.892225,0.913038,0.855253,0.895228,0.902130,0.915204,0.904830,0.913880,0.893471,0.887869,0.890042,0.876236,0.885476,0.912180,0.899609,0.927091,0.850060,0.857794,0.910531,0.824714,0.906949,0.811325,0.798393,0.833671,0.879937,0.851942,0.837590,0.843019,0.828319,0.891973,0.834415,0.819702,0.827638,0.812659,0.825288,0.816493,0.821704,0.787229,0.914712
12,Bobolink,0,0.772930,0.797941,0.804622,0.898760,0.827510,0.853889,0.828810,0.829486,0.918999,0.926166,0.926203,0.940713,1.000000,0.874836,0.891258,0.858544,0.840748,0.856107,0.891819,0.912351,0.933162,0.835155,0.831347,0.836449,0.837787,0.906381,0.919530,0.874133,0.873530,0.894844,0.876095,0.866276,0.873626,0.903621,0.875894,0.863581,0.886282,0.900496,0.890294,0.897381,0.894553,0.880943,0.897395,0.839141,0.804876,0.801808,0.901288,0.876191,0.915438,0.792963,0.796976,0.799769,0.777287,0.888094,0.921334,0.875300,0.926929,0.845055,0.794833,0.795964,0.798452,0.806369,0.807205,0.804447,0.811139,0.790407,0.857582,0.844114,0.847931,0.818196,0.865040,0.843236,0.876989,0.889130,0.886133,0.889476,0.903264,0.893742,0.888825,0.861067,0.872568,0.854166,0.813548,0.798240,0.906991,0.801570,0.791565,0.892616,0.859708,0.800233,0.909995,0.883637,0.883657,0.902652,0.918904,0.923189,0.937500,0.946508,0.888989,0.767720,0.746401,0.876028,0.910535,0.860026,0.828570,0.822051,0.855335,0.862271,0.914168,0.863138,0.909834,0.869977,0.861390,0.905028,0.879591,0.857827,0.875182,0.896903,0.873984,0.877738,0.877170,0.889481,0.872837,0.870998,0.868672,0.902479,0.859073,0.886048,0.881279,0.856906,0.874164,0.859667,0.854043,0.871900,0.881811,0.903738,0.905742,0.887432,0.864336,0.823043,0.793854,0.868287,0.802792,0.786836,0.796794,0.828701,0.818104,0.871769,0.859453,0.875868,0.898975,0.891374,0.875653,0.853003,0.862730,0.881759,0.882284,0.912908,0.898111,0.918233,0.887856,0.886524,0.897659,0.884988,0.907099,0.895870,0.891265,0.883209,0.906078,0.891584,0.898466,0.870453,0.867147,0.891634,0.882914,0.872011,0.868991,0.857673,0.863786,0.880945,0.844382,0.869582,0.853432,0.852906,0.840111,0.877051,0.895718,0.848198,0.840383,0.876600,0.905315,0.889699,0.863701,0.847867,0.841175,0.860247,0.845703,0.839841,0.828943,0.907572
13,Indigo Bunting,0,0.731308,0.761885,0.759651,0.875894,0.781882,0.780185,0.763254,0.775935,0.901600,0.888528,0.897308,0.875092,0.874836,1.000000,0.970285,0.954538,0.910905,0.851002,0.894034,0.885953,0.899225,0.808777,0.799635,0.780377,0.805078,0.885790,0.908432,0.835050,0.853863,0.867449,0.844570,0.837838,0.838515,0.885608,0.919873,0.826723,0.875290,0.877420,0.876750,0.865564,0.842655,0.907646,0.879106,0.802617,0.778371,0.770135,0.886557,0.811675,0.921653,0.748089,0.741158,0.760843,0.740621,0.978009,0.879304,0.904078,0.896895,0.789930,0.783054,0.779325,0.781203,0.785865,0.792834,0.789143,0.772452,0.770260,0.875014,0.862561,0.860736,0.865384,0.782658,0.776681,0.925525,0.924653,0.908158,0.910280,0.880179,0.854251,0.855471,0.843741,0.804286,0.846260,0.846092,0.776273,0.811875,0.746637,0.796780,0.820983,0.760940,0.744616,0.878397,0.832851,0.846289,0.876081,0.909604,0.890667,0.922569,0.897308,0.856128,0.767123,0.752148,0.841708,0.887582,0.793597,0.797782,0.758689,0.818706,0.790061,0.896766,0.782446,0.854700,0.802242,0.785773,0.839703,0.831843,0.849582,0.831651,0.872627,0.859674,0.878118,0.812845,0.837337,0.817964,0.821395,0.835353,0.846672,0.788483,0.820319,0.852201,0.842842,0.809864,0.830778,0.844045,0.884011,0.858052,0.891705,0.879409,0.887676,0.921447,0.918351,0.781924,0.809730,0.774637,0.761306,0.773122,0.786615,0.771354,0.880481,0.854817,0.815773,0.834555,0.881228,0.869716,0.842166,0.854122,0.882938,0.873118,0.887137,0.858523,0.917542,0.882219,0.885511,0.881163,0.928756,0.855353,0.850888,0.870005,0.863389,0.890610,0.908118,0.856543,0.868946,0.883801,0.854171,0.886023,0.852596,0.883984,0.859476,0.860244,0.894182,0.814283,0.889357,0.826253,0.797285,0.785515,0.843713,0.824441,0.816485,0.834837,0.810867,0.871579,0.820232,0.847413,0.779918,0.841285,0.848927,0.823511,0.820047,0.824355,0.875103
14,Lazuli Bunting,0,0.732375,0.761730,0.759949,0.846049,0.774771,0.786808,0.767482,0.773707,0.868325,0.885905,0.898338,0.888122,0.891258,0.970285,1.000000,0.945644,0.897296,0.844450,0.879606,0.909182,0.925029,0.804078,0.781565,0.776992,0.792644,0.856939,0.875451,0.849362,0.808245,0.829234,0.865118,0.859977,0.863983,0.907242,0.926468,0.850732,0.891133,0.901686,0.898656,0.887893,0.888860,0.915414,0.898030,0.796434,0.779846,0.793017,0.906100,0.859739,0.890204,0.765712,0.769526,0.770252,0.756639,0.971741,0.902808,0.925976,0.905544,0.781276,0.777298,0.773005,0.781653,0.782503,0.786804,0.786008,0.773172,0.763056,0.869073,0.855409,0.867478,0.839351,0.798781,0.784931,0.927958,0.926660,0.906453,0.914196,0.896854,0.871867,0.875355,0.858913,0.825616,0.869021,0.850854,0.769923,0.853374,0.759983,0.795519,0.850384,0.791907,0.772983,0.893206,0.844467,0.839460,0.889060,0.923149,0.901961,0.935206,0.912679,0.876767,0.760745,0.757918,0.869776,0.896025,0.826216,0.793314,0.763105,0.774548,0.775827,0.919070,0.791954,0.879947,0.834942,0.835311,0.868273,0.870865,0.877134,0.872702,0.904480,0.896837,0.891053,0.843378,0.872112,0.848271,0.864510,0.846512,0.896545,0.826256,0.843568,0.875082,0.883640,0.844896,0.855714,0.865387,0.857365,0.880562,0.892171,0.906597,0.890876,0.917585,0.897604,0.784199,0.806894,0.781755,0.769338,0.784916,0.800475,0.781777,0.897508,0.864526,0.836274,0.873210,0.907258,0.878853,0.859987,0.875312,0.907550,0.895307,0.923336,0.870975,0.918054,0.894170,0.894842,0.890857,0.936434,0.895903,0.874341,0.880708,0.867134,0.913275,0.912292,0.890211,0.892302,0.884594,0.882099,0.895762,0.869267,0.882606,0.860421,0.873391,0.901320,0.836486,0.888670,0.826269,0.818460,0.828254,0.871743,0.835516,0.817233,0.856379,0.823246,0.874468,0.836256,0.860452,0.799855,0.852269,0.854168,0.845092,0.833214,0.815562,0.883494
15,Painted Bunting,0,0.730665,0.762048,0.763973,0.862025,0.796618,0.767157,0.770899,0.769289,0.878130,0.905150,0.882025,0.889224,0.858544,0.954538,0.945644,1.000000,0.910206,0.888319,0.874029,0.906202,0.903232,0.818603,0.802887,0.817203,0.814027,0.884526,0.882313,0.827618,0.814077,0.838225,0.850344,0.857964,0.848721,0.871420,0.916390,0.844395,0.867192,0.877719,0.859833,0.847023,0.839985,0.931323,0.881512,0.821838,0.762303,0.774186,0.881560,0.827299,0.905716,0.770356,0.768287,0.768036,0.761966,0.942656,0.891139,0.897154,0.898832,0.790598,0.772610,0.765769,0.775048,0.775152,0.772925,0.776320,0.759804,0.764172,0.895315,0.880624,0.886792,0.900369,0.778555,0.767559,0.879199,0.890860,0.924455,0.873771,0.884230,0.833645,0.853872,0.870371,0.804687,0.869447,0.877016,0.775936,0.811141,0.749800,0.806959,0.841824,0.777720,0.766164,0.851337,0.823522,0.803839,0.844695,0.926748,0.918188,0.928600,0.912646,0.862220,0.785774,0.778297,0.833126,0.873453,0.785015,0.797063,0.763155,0.784464,0.780515,0.909896,0.804451,0.826946,0.774900,0.783782,0.824508,0.819204,0.835962,0.823666,0.853688,0.855239,0.861791,0.816115,0.824895,0.825397,0.828601,0.819403,0.854764,0.803340,0.826995,0.838672,0.828032,0.806862,0.822012,0.836343,0.900204,0.832233,0.888708,0.865034,0.863689,0.936451,0.922305,0.789731,0.799369,0.798036,0.774218,0.787624,0.801980,0.779235,0.891957,0.869618,0.809913,0.840443,0.870168,0.871260,0.844450,0.831870,0.883617,0.869421,0.899960,0.842883,0.888677,0.887454,0.891970,0.896175,0.883038,0.881132,0.866676,0.893203,0.894104,0.893001,0.913855,0.845295,0.884592,0.887277,0.876877,0.893541,0.863224,0.889140,0.866797,0.864048,0.905979,0.834366,0.894615,0.824646,0.799289,0.795557,0.847476,0.811880,0.821682,0.843869,0.800692,0.888193,0.813412,0.834499,0.798322,0.842733,0.845876,0.833448,0.825502,0.825659,0.886997
16,Cardinal,0,0.731657,0.766246,0.745694,0.831819,0.791858,0.767027,0.765219,0.763817,0.850192,0.889159,0.857086,0.850555,0.840748,0.910905,0.897296,0.910206,1.000000,0.800429,0.850625,0.848606,0.883488,0.784176,0.781210,0.783491,0.790851,0.845269,0.856323,0.813743,0.829600,0.837875,0.812069,0.798346,0.805214,0.886530,0.940415,0.834714,0.831042,0.831181,0.832375,0.813721,0.820493,0.919545,0.832168,0.800622,0.770053,0.767880,0.893970,0.859779,0.859832,0.762569,0.762587,0.760882,0.751073,0.908907,0.876677,0.936230,0.910230,0.785464,0.803111,0.796866,0.803085,0.803549,0.804777,0.806580,0.784701,0.794417,0.840337,0.844300,0.846320,0.794956,0.767168,0.752809,0.889167,0.857979,0.836807,0.903980,0.830436,0.803227,0.822651,0.798240,0.777893,0.824170,0.814888,0.792195,0.813865,0.728906,0.809622,0.823630,0.765988,0.765032,0.854494,0.801304,0.825916,0.857362,0.897249,0.877644,0.898573,0.863574,0.833415,0.786657,0.778834,0.790225,0.837157,0.755357,0.767853,0.784139,0.798243,0.766758,0.868487,0.758815,0.819965,0.774676,0.776935,0.822523,0.810838,0.858800,0.821932,0.870396,0.850638,0.873126,0.812992,0.845209,0.817511,0.818948,0.821363,0.827388,0.780955,0.800509,0.846018,0.864638,0.791036,0.853705,0.854846,0.813700,0.801017,0.867315,0.860989,0.828733,0.944922,0.951764,0.809069,0.778643,0.807435,0.782678,0.799659,0.805723,0.791074,0.882647,0.844729,0.783719,0.792727,0.836731,0.819418,0.804234,0.817680,0.856319,0.838546,0.869323,0.825684,0.844972,0.867665,0.856855,0.866242,0.862847,0.841462,0.833306,0.853518,0.840409,0.854647,0.867869,0.831797,0.840994,0.846354,0.839776,0.856284,0.825718,0.860437,0.837212,0.824465,0.873182,0.801440,0.872906,0.797283,0.759250,0.830754,0.836682,0.796577,0.834354,0.867119,0.785497,0.871973,0.837454,0.816748,0.764781,0.841201,0.813016,0.817806,0.788157,0.805692,0.858186
17,Spotted Catbird,0,0.777099,0.789670,0.794454,0.896836,0.821823,0.838007,0.803887,0.799184,0.866557,0.850222,0.885224,0.856009,0.856107,0.851002,0.844450,0.888319,0.800429,1.000000,0.863285,0.866682,0.844693,0.897566,0.816096,0.837995,0.821330,0.891566,0.875594,0.867981,0.816831,0.840118,0.885404,0.888633,0.875297,0.850545,0.841881,0.869386,0.869964,0.873864,0.843050,0.855160,0.828086,0.847822,0.886891,0.829830,0.791011,0.763260,0.822404,0.814852,0.876801,0.763007,0.771878,0.781882,0.746125,0.844200,0.866112,0.827398,0.851285,0.794430,0.769264,0.782237,0.785110,0.785013,0.768729,0.783980,0.795808,0.769117,0.874544,0.837994,0.842536,0.884312,0.815196,0.817456,0.840807,0.873556,0.911932,0.814739,0.880501,0.855490,0.853435,0.881810,0.850554,0.863210,0.861350,0.791368,0.819519,0.784235,0.762320,0.837451,0.762274,0.752482,0.861996,0.879329,0.821872,0.818769,0.839487,0.865506,0.858412,0.883602,0.872918,0.777679,0.753089,0.850007,0.875388,0.778641,0.869043,0.764863,0.796271,0.836795,0.816314,0.884949,0.828573,0.811493,0.804258,0.814440,0.820027,0.809005,0.809748,0.830932,0.833357,0.826512,0.823441,0.821511,0.839569,0.799769,0.829916,0.840316,0.819896,0.853483,0.827923,0.791260,0.809476,0.820541,0.826385,0.899318,0.821831,0.829650,0.826642,0.813068,0.835382,0.811649,0.750818,0.808550,0.771107,0.735864,0.752623,0.784781,0.758151,0.867720,0.878414,0.858072,0.840702,0.859066,0.868176,0.846887,0.828201,0.863824,0.851909,0.862014,0.854810,0.854607,0.856729,0.849947,0.854378,0.829740,0.860129,0.844008,0.862734,0.871692,0.832508,0.878035,0.804262,0.837854,0.861834,0.861629,0.860552,0.832796,0.819537,0.874322,0.859753,0.848092,0.857691,0.845705,0.830849,0.832845,0.791567,0.835327,0.858665,0.806300,0.825178,0.845524,0.858218,0.819503,0.841241,0.871927,0.845942,0.861924,0.817283,0.840130,0.850559,0.848297
18,Gray Catbird,0,0.786855,0.797488,0.832959,0.913533,0.846129,0.862694,0.830646,0.831365,0.941043,0.909463,0.945761,0.870920,0.891819,0.894034,0.879606,0.874029,0.850625,0.863285,1.000000,0.912048,0.906959,0.841471,0.850252,0.829093,0.843200,0.926365,0.934528,0.874812,0.890865,0.903994,0.929162,0.926118,0.923447,0.896979,0.859685,0.864223,0.923328,0.925803,0.926861,0.932573,0.896560,0.895890,0.919719,0.827895,0.825885,0.786881,0.827509,0.781998,0.931615,0.800780,0.785382,0.799323,0.784833,0.888269,0.840826,0.871837,0.864216,0.852174,0.803136,0.817983,0.844566,0.813293,0.825648,0.818376,0.817428,0.794978,0.892757,0.879877,0.880539,0.867226,0.857539,0.837754,0.886946,0.938964,0.863046,0.918548,0.929315,0.941480,0.895916,0.866553,0.837634,0.870545,0.807047,0.824667,0.834172,0.816685,0.752964,0.826855,0.785208,0.756452,0.953928,0.867592,0.912855,0.917727,0.870929,0.865473,0.922616,0.892141,0.869501,0.774187,0.738670,0.919381,0.945357,0.852385,0.842058,0.769971,0.858125,0.831004,0.896368,0.839077,0.907700,0.876476,0.778461,0.888511,0.852956,0.853988,0.835212,0.871414,0.845430,0.887104,0.810698,0.821893,0.806865,0.800619,0.849882,0.843919,0.791284,0.866924,0.837925,0.828561,0.812446,0.848357,0.838949,0.880204,0.902896,0.870545,0.858267,0.876955,0.863027,0.847787,0.806905,0.909430,0.808930,0.798153,0.799918,0.830368,0.812761,0.898021,0.881716,0.882897,0.894012,0.924298,0.918579,0.905715,0.892201,0.899284,0.876288,0.889210,0.886059,0.935248,0.882925,0.887416,0.865091,0.916822,0.859508,0.877043,0.870471,0.871227,0.882614,0.903806,0.873627,0.884371,0.909350,0.881003,0.876161,0.836338,0.881475,0.902442,0.901450,0.878859,0.838439,0.868596,0.880278,0.862639,0.832783,0.891577,0.867258,0.828577,0.838071,0.844152,0.854605,0.840418,0.926413,0.846400,0.860783,0.926672,0.870439,0.896491,0.881458,0.882475
