class_id,class_name,intro_session,0:Black footed Albatross,1:Laysan Albatross,2:Sooty Albatross,3:Groove billed Ani,4:Crested Auklet,5:Least Auklet,6:Parakeet Auklet,7:Rhinoceros Auklet,8:Brewer Blackbird,9:Red winged Blackbird,10:Rusty Blackbird,11:Yellow headed Blackbird,12:Bobolink,13:Indigo Bunting,14:Lazuli Bunting,15:Painted Bunting,16:Cardinal,17:Spotted Catbird,18:Gray Catbird,19:Yellow breasted Chat,20:Eastern Towhee,21:Chuck will Widow,22:Brandt Cormorant,23:Red faced Cormorant,24:Pelagic Cormorant,25:Bronzed Cowbird,26:Shiny Cowbird,27:Brown Creeper,28:American Crow,29:Fish Crow,30:Black billed Cuckoo,31:Mangrove Cuckoo,32:Yellow billed Cuckoo,33:Gray crowned Rosy Finch,34:Purple Finch,35:Northern Flicker,36:Acadian Flycatcher,37:Great Crested Flycatcher,38:Least Flycatcher,39:Olive sided Flycatcher,40:Scissor tailed Flycatcher,41:Vermilion Flycatcher,42:Yellow bellied Flycatcher,43:Frigatebird,44:Northern Fulmar,45:Gadwall,46:American Goldfinch,47:European Goldfinch,48:Boat tailed Grackle,49:Eared Grebe,50:Horned Grebe,51:Pied billed Grebe,52:Western Grebe,53:Blue Grosbeak,54:Evening Grosbeak,55:Pine Grosbeak,56:Rose breasted Grosbeak,57:Pigeon Guillemot,58:California Gull,59:Glaucous winged Gull,60:Heermann Gull,61:Herring Gull,62:Ivory Gull,63:Ring billed Gull,64:Slaty backed Gull,65:Western Gull,66:Anna Hummingbird,67:Ruby throated Hummingbird,68:Rufous Hummingbird,69:Green Violetear,70:Long tailed Jaeger,71:Pomarine Jaeger,72:Blue Jay,73:Florida Jay,74:Green Jay,75:Dark eyed Junco,76:Tropical Kingbird,77:Gray Kingbird,78:Belted Kingfisher,79:Green Kingfisher,80:Pied Kingfisher,81:Ringed Kingfisher,82:White breasted Kingfisher,83:Red legged Kittiwake,84:Horned Lark,85:Pacific Loon,86:Mallard,87:Western Meadowlark,88:Hooded Merganser,89:Red breasted Merganser,90:Mockingbird,91:Nighthawk,92:Clark Nutcracker,93:White breasted Nuthatch,94:Baltimore Oriole,95:Hooded Oriole,96:Orchard Oriole,97:Scott Oriole,98:Ovenbird,99:Brown Pelican,100:White Pelican,101:Western Wood Pewee,102:Sayornis,103:American Pipit,104:Whip poor Will,105:Horned Puffin,106:Common Raven,107:White necked Raven,108:American Redstart,109:Geococcyx,110:Loggerhead Shrike,111:Great Grey Shrike,112:Baird Sparrow,113:Black throated Sparrow,114:Brewer Sparrow,115:Chipping Sparrow,116:Clay colored Sparrow,117:House Sparrow,118:Field Sparrow,119:Fox Sparrow,120:Grasshopper Sparrow,121:Harris Sparrow,122:Henslow Sparrow,123:Le Conte Sparrow,124:Lincoln Sparrow,125:Nelson Sharp tailed Sparrow,126:Savannah Sparrow,127:Seaside Sparrow,128:Song Sparrow,129:Tree Sparrow,130:Vesper Sparrow,131:White crowned Sparrow,132:White throated Sparrow,133:Cape Glossy Starling,134:Bank Swallow,135:Barn Swallow,136:Cliff Swallow,137:Tree Swallow,138:Scarlet Tanager,139:Summer Tanager,140:Artic Tern,141:Black Tern,142:Caspian Tern,143:Common Tern,144:Elegant Tern,145:Forsters Tern,146:Least Tern,147:Green tailed Towhee,148:Brown Thrasher,149:Sage Thrasher,150:Black capped Vireo,151:Blue headed Vireo,152:Philadelphia Vireo,153:Red eyed Vireo,154:Warbling Vireo,155:White eyed Vireo,156:Yellow throated Vireo,157:Bay breasted Warbler,158:Black and white Warbler,159:Black throated Blue Warbler,160:Blue winged Warbler,161:Canada Warbler,162:Cape May Warbler,163:Cerulean Warbler,164:Chestnut sided Warbler,165:Golden winged Warbler,166:Hooded Warbler,167:Kentucky Warbler,168:Magnolia Warbler,169:Mourning Warbler,170:Myrtle Warbler,171:Nashville Warbler,172:Orange crowned Warbler,173:Palm Warbler,174:Pine Warbler,175:Prairie Warbler,176:Prothonotary Warbler,177:Swainson Warbler,178:Tennessee Warbler,179:Wilson Warbler,180:Worm eating Warbler,181:Yellow Warbler,182:Northern Waterthrush,183:Louisiana Waterthrush,184:Bohemian Waxwing,185:Cedar Waxwing,186:American Three toed Woodpecker,187:Pileated Woodpecker,188:Red bellied Woodpecker,189:Red cockaded Woodpecker,190:Red headed Woodpecker,191:Downy Woodpecker,192:Bewick Wren,193:Cactus Wren,194:Carolina Wren,195:House Wren,196:Marsh Wren,197:Rock Wren,198:Winter Wren,199:Common Yellowthroat
0,Black footed Albatross,0,1.000000,0.853124,0.867143,0.011606,0.265038,0.277885,0.222352,0.298765,0.054291,-0.026711,0.096797,0.026629,-0.045610,0.032981,0.022156,0.050611,0.016412,0.047053,0.079629,0.086097,-0.061164,0.041260,0.247483,0.145759,0.172067,0.012774,0.029528,0.047785,0.082052,0.058121,0.072220,0.055342,0.051521,0.045187,0.027736,-0.008252,0.021097,0.035078,0.011299,-0.004830,-0.012561,0.046617,0.037794,0.319121,0.752162,0.140212,0.025331,-0.028266,0.048989,0.131126,0.124335,0.156398,0.151403,0.014861,0.042595,0.027602,-0.026546,0.194036,0.085562,0.117840,0.155485,0.095253,0.158672,0.060798,0.210450,0.083844,-0.002396,-0.007278,-0.004370,0.031213,0.393028,0.574170,-0.002080,-0.002643,0.025848,-0.015791,0.052753,0.047025,-0.022259,0.018507,-0.003317,0.025893,0.032515,0.157578,-0.054783,0.169345,0.025264,-0.046941,0.021217,0.048746,-0.056931,0.041148,0.102991,0.013058,0.073920,0.036883,0.057581,0.066712,0.000358,0.235852,0.170192,0.003541,0.009383,-0.058496,0.021940,0.099049,0.089144,0.106042,-0.022281,-0.030996,-0.014255,-0.027769,-0.040097,-0.004993,-0.000301,0.008027,-0.023193,0.028484,-0.020584,0.030739,-0.024624,-0.045155,-0.005177,-0.011271,-0.007051,0.008771,-0.015429,0.031208,0.002273,-0.032452,-0.039537,0.007497,0.024782,0.019726,0.036736,-0.016405,0.007989,-0.025914,0.066947,0.096396,0.008967,0.136720,0.046350,0.013569,0.023400,0.034877,0.016060,0.030976,-0.062328,-0.080883,0.033873,0.052153,0.101625,0.106685,0.073953,0.049161,0.099197,0.009311,-0.009904,-0.049040,0.042449,0.017787,-0.009722,-0.029937,-0.013559,-0.020399,0.052987,0.061596,0.000905,0.067115,-0.025807,0.074252,0.075979,-0.008876,0.040598,0.001333,0.096582,0.126803,0.096153,0.083226,0.114045,0.043257,0.038399,0.034321,0.038295,0.053799,0.028176,0.013067,-0.017471,0.006733,-0.022971,-0.033756,0.088443,-0.009824,0.064799,0.080714,0.087114,0.047166,0.085612,0.047607
1,Laysan Albatross,0,0.853124,1.000000,0.834616,0.004042,0.229021,0.242662,0.236479,0.219622,0.008772,-0.058055,0.016728,0.033196,-0.023650,0.034210,0.027883,0.031979,0.033681,0.004991,0.038583,0.075439,-0.018801,0.009445,0.195396,0.164633,0.123630,-0.020268,-0.010016,0.060906,0.029564,0.008575,0.055537,0.073425,0.094180,0.042311,0.022222,-0.007407,0.026487,0.059946,0.024834,0.007962,0.078002,0.061849,0.041332,0.363125,0.725057,0.052606,0.093220,0.008880,0.000961,0.086420,0.089202,0.094092,0.141666,0.008253,0.076034,-0.000344,0.001335,0.164858,0.183904,0.165719,0.181284,0.171225,0.214839,0.127331,0.241060,0.176103,0.025792,0.031727,0.027688,0.036004,0.399894,0.484547,0.011183,-0.013420,0.058040,0.055125,0.092714,0.075345,0.024430,0.030652,0.039179,0.040556,0.038158,0.266906,-0.005560,0.132773,0.002846,-0.026943,0.040174,0.055957,-0.033194,0.027804,0.098746,0.057737,0.083420,0.068400,0.042966,0.078355,0.016855,0.261327,0.238321,0.021935,0.027697,-0.033703,0.007647,0.133861,0.052665,0.089646,-0.011390,-0.035884,0.016515,0.005371,-0.017619,0.020121,0.004793,0.013954,-0.009299,0.002419,-0.011832,0.036486,-0.007594,-0.004294,0.001287,0.010787,-0.011355,0.017936,0.005307,-0.000399,-0.002331,-0.040318,-0.022998,0.030120,0.022548,0.000046,0.054446,-0.017272,0.006252,0.012494,0.059636,0.066912,0.097152,0.155823,0.134178,0.094849,0.109827,0.124919,0.099528,0.017370,-0.068616,-0.093445,0.022545,0.037666,0.086289,0.095168,0.069514,0.037981,0.086174,0.009240,0.023977,-0.014833,0.089487,0.053026,0.019408,-0.014246,0.005941,-0.008554,0.095292,0.088952,0.033556,0.097506,-0.009306,0.083695,0.078681,0.021582,0.069892,0.042230,0.114346,0.122016,0.093018,0.105002,0.111653,0.083455,0.056832,0.073971,0.043677,0.055843,0.050514,0.019633,0.003517,0.015747,-0.003357,0.003836,0.082383,-0.034950,0.057067,0.066663,0.083211,0.063731,0.065785,0.070770
2,Sooty Albatross,0,0.867143,0.834616,1.000000,-0.009849,0.370662,0.385683,0.329843,0.318352,0.084585,0.003139,0.104987,0.019376,-0.014401,0.050071,0.006644,0.050508,0.027650,0.026073,0.134886,0.068282,-0.012623,0.065637,0.240430,0.183318,0.157458,0.034052,0.054718,0.028864,0.123890,0.095814,0.060485,0.084345,0.076833,0.059692,-0.023328,0.004628,0.019697,0.034780,0.022025,0.022020,0.016017,0.039640,0.034371,0.372654,0.782999,0.110093,0.042715,-0.027013,0.059584,0.111887,0.101803,0.107971,0.117393,0.010747,0.061753,0.012113,-0.028639,0.299119,0.165644,0.177613,0.237718,0.179221,0.274244,0.149556,0.259060,0.155292,0.050226,0.044559,0.049665,0.068416,0.533649,0.633833,0.005407,0.022081,0.061766,0.036724,0.060685,0.052684,0.045424,0.033399,0.008380,0.068192,0.043371,0.302641,-0.020327,0.156297,0.021263,-0.050193,0.064323,0.077780,-0.034519,0.102222,0.128430,0.035097,0.057941,0.043406,0.066001,0.060076,0.008972,0.212863,0.148449,0.013454,0.054654,-0.024130,0.074362,0.109962,0.124848,0.155028,-0.008014,-0.039906,0.025770,0.003173,-0.048412,0.030882,0.004547,-0.006052,-0.023720,0.020790,-0.030243,0.063269,-0.039482,-0.030768,-0.021014,-0.027490,-0.004448,-0.006549,-0.017828,0.007596,-0.001235,-0.023927,-0.025412,0.017835,0.024216,0.017437,0.077609,-0.001225,0.011417,-0.018306,0.048585,0.065398,0.159030,0.312107,0.165436,0.137298,0.148212,0.164184,0.123472,0.046237,-0.067000,-0.045013,0.024186,0.044337,0.077995,0.066546,0.053965,0.034527,0.074737,-0.011580,-0.006693,-0.013171,0.051433,0.032728,-0.025833,-0.032387,-0.039326,0.003623,0.051995,0.045832,0.003649,0.068831,-0.016459,0.076909,0.072505,-0.021697,0.041224,-0.008146,0.112079,0.091114,0.089262,0.071565,0.082396,0.061198,0.038320,0.045074,0.088924,0.095221,0.037458,-0.015100,-0.026102,-0.011366,-0.036256,-0.043219,0.090460,0.001384,0.046870,0.088019,0.069088,0.091196,0.086492,0.065825
3,Groove billed Ani,0,0.011606,0.004042,-0.009849,1.000000,0.007488,0.047455,0.017764,0.062988,0.343678,0.246010,0.242672,0.177027,0.148106,0.089518,0.063254,0.043903,0.074244,0.217192,0.183438,0.032896,0.142099,0.054846,0.125057,0.110447,0.183491,0.456510,0.430039,0.049378,0.414063,0.441063,0.310937,0.324198,0.260791,0.049015,0.001027,0.083521,-0.051722,0.047130,-0.027661,0.008204,0.180610,0.081359,-0.025764,0.123550,0.059811,0.064753,-0.013488,-0.019158,0.383481,-0.018584,-0.016971,0.028355,-0.034069,0.115835,0.025193,0.035437,0.083664,0.041736,0.056811,0.074381,0.052268,0.060711,0.080576,0.065112,0.063764,0.051728,0.047082,-0.018039,-0.008900,0.118958,0.070168,0.047897,-0.009800,0.267426,0.111482,0.027213,0.085078,0.110515,0.114598,0.112284,0.064218,0.074266,0.047227,0.051885,0.006782,0.028463,0.042828,0.013492,-0.024034,-0.030999,0.127152,0.016765,0.074927,0.048123,0.028729,0.056562,0.143548,0.065026,-0.026880,-0.004038,-0.024307,-0.006166,0.080590,-0.012274,0.059807,0.000086,0.423764,0.358622,0.055994,0.289276,0.157224,0.120286,0.046096,0.035683,0.034281,0.001017,0.011490,0.060488,0.038614,0.027673,0.052910,0.022488,0.074934,0.047469,0.021761,0.075332,0.015535,0.161721,0.027218,0.004488,0.010669,0.002328,-0.006627,0.322723,0.027073,0.063572,0.061890,0.060232,0.044245,0.051325,0.023791,0.102815,0.022424,0.020629,0.012531,0.045337,0.025931,0.087422,0.151067,0.090191,-0.032916,-0.065346,-0.016929,-0.014487,0.015867,-0.017292,-0.048193,-0.029001,-0.035561,0.043454,-0.065277,-0.063110,-0.054968,-0.013531,0.006865,-0.035955,-0.058940,-0.052407,-0.050687,0.001823,-0.032090,-0.047149,-0.053655,-0.051168,-0.092445,-0.076748,-0.038963,0.013476,-0.016948,-0.081629,-0.047114,-0.062782,0.008542,-0.008844,-0.015259,0.004644,0.079314,0.116988,0.073589,0.054550,0.155156,0.049645,0.078104,0.150906,0.074481,0.116920,0.106790,0.101635,0.087321,-0.014934
4,Crested Auklet,0,0.265038,0.229021,0.370662,0.007488,1.000000,0.732296,0.876534,0.774956,0.157404,0.053514,0.150333,0.009559,0.028853,-0.043775,-0.089581,-0.017633,0.109372,0.128154,0.099454,0.039706,0.049657,0.080966,0.421453,0.509726,0.388932,0.118479,0.141849,0.001537,0.154629,0.135751,0.066322,0.133689,0.122187,0.089782,0.004055,0.045076,0.028461,0.043772,0.032578,0.084342,0.001019,0.067312,0.033753,0.214714,0.223547,0.059666,0.036766,0.037673,0.107984,0.220901,0.210350,0.234245,0.208212,-0.037415,0.144636,0.016912,0.035651,0.594271,0.055622,0.043180,0.140878,0.055943,0.115912,0.037719,0.071909,0.059921,0.037893,0.042953,0.033449,0.016068,0.305367,0.258907,0.001333,-0.000005,0.001924,0.067290,0.058179,0.078667,0.151457,0.150086,0.136959,0.166558,0.155928,0.182829,0.026774,0.321734,0.081311,-0.007896,0.180053,0.241526,0.010238,0.124407,0.094591,0.005966,0.034428,0.033230,0.029246,0.024759,0.026605,0.110650,0.093233,0.035650,0.068299,0.042742,0.075449,0.565856,0.145256,0.175230,0.021021,0.076646,0.064834,0.022178,-0.002785,0.061075,0.046730,0.041994,0.037643,0.056994,0.002408,0.085129,0.010267,0.003834,0.030681,0.024650,0.028278,0.047805,0.037258,0.074420,0.048171,0.022786,0.030177,0.157050,0.110693,0.063627,0.100724,0.043637,0.066186,0.028380,0.033359,0.047170,0.216061,0.242996,0.230653,0.208742,0.219252,0.219354,0.216651,0.079436,-0.014390,0.025089,0.043754,0.038070,0.041268,0.027623,0.011675,0.030859,-0.002320,-0.058326,0.024041,-0.039168,-0.026751,0.048896,-0.056277,-0.072543,-0.045817,0.023414,0.018770,0.061243,-0.003204,0.001463,-0.009036,-0.005115,-0.004007,0.004408,-0.035012,-0.017827,0.004591,0.099380,0.012382,0.032496,0.105603,-0.002546,0.114732,0.145675,0.167170,0.154009,0.117034,0.155267,0.023115,0.098575,0.029411,0.078349,0.048785,0.026358,0.043045,0.029063,0.023920,0.056312,0.043484,0.031437
5,Least Auklet,0,0.277885,0.242662,0.385683,0.047455,0.732296,1.000000,0.810624,0.641037,0.138348,0.050853,0.162520,0.052082,0.054050,-0.048695,-0.071003,-0.023786,0.030707,0.112760,0.085053,0.086145,0.066523,0.121528,0.364049,0.355624,0.330311,0.118171,0.123303,0.035427,0.135010,0.117800,0.135766,0.122783,0.124484,0.099667,0.049248,0.026872,0.056995,0.075970,0.080837,0.175671,0.078060,0.108710,0.053277,0.232005,0.345448,0.054337,-0.002358,-0.028714,0.097432,0.258665,0.249746,0.247872,0.234378,-0.050141,0.003989,0.078896,0.101442,0.543399,0.095236,0.110497,0.171019,0.111093,0.227825,0.110813,0.192162,0.093963,0.076850,0.076724,0.070527,0.044639,0.366880,0.423725,-0.034463,0.008520,-0.054816,0.006642,0.096437,0.162605,0.212495,0.228755,0.243724,0.178616,0.134031,0.230200,0.002976,0.378536,-0.000467,-0.005984,0.196265,0.260641,0.092650,0.248621,0.074228,0.037725,0.065842,0.019255,0.032131,0.062930,0.045893,0.064993,0.019174,0.086944,0.144205,0.046353,0.146537,0.446681,0.113433,0.165762,0.064068,0.055678,0.158256,0.079648,-0.003451,0.068823,0.045638,0.013509,-0.000172,0.098381,-0.016491,0.159509,-0.025686,0.060775,0.005043,0.004777,0.024974,0.033928,0.044176,0.116470,0.093734,0.035922,0.031685,0.046427,0.062716,0.027779,0.258640,0.121069,0.150885,0.154121,0.043361,0.041567,0.202519,0.297809,0.192635,0.181152,0.167209,0.238685,0.180103,0.051390,0.049664,0.107199,0.062073,0.044406,0.057632,0.043228,0.056078,0.029814,0.013893,-0.006575,0.112031,0.033256,-0.024102,0.052030,0.006106,0.052240,0.027639,0.001315,-0.036656,-0.006926,0.041707,-0.015212,0.083424,0.013427,-0.007792,0.009030,-0.023696,-0.003451,0.010775,0.064097,0.030473,-0.018972,-0.001930,0.021399,0.133399,0.163960,0.050566,0.040477,0.218947,0.161391,0.044893,0.169742,0.046004,0.162162,0.049865,0.046475,0.023157,0.046808,0.024636,0.089826,0.044080,-0.002679
6,Parakeet Auklet,0,0.222352,0.236479,0.329843,0.017764,0.876534,0.810624,1.000000,0.758337,0.066947,0.014006,0.066357,0.010984,0.031006,-0.050944,-0.065194,-0.023102,0.078585,0.099329,0.052954,0.071138,0.077302,0.078583,0.360453,0.414912,0.327432,0.040281,0.058608,0.013140,0.072018,0.055438,0.072751,0.097563,0.110024,0.071663,0.021254,0.019663,0.042735,0.069280,0.055489,0.099544,0.051932,0.067209,0.047327,0.234911,0.237939,0.059684,0.058595,0.003816,0.032992,0.237971,0.236315,0.241645,0.228507,-0.055744,0.088540,0.012777,0.099135,0.554300,0.100260,0.090305,0.141750,0.096012,0.153959,0.086455,0.125062,0.097215,0.063230,0.066671,0.064814,0.025725,0.267638,0.271934,-0.032403,-0.035361,-0.032060,0.118741,0.084828,0.096020,0.187068,0.209489,0.198908,0.184740,0.175130,0.214215,0.021752,0.375647,0.059874,-0.000373,0.208513,0.263163,0.010296,0.141137,0.040117,0.030689,0.066159,0.039138,0.017518,0.054247,0.054075,0.116528,0.096175,0.039126,0.084403,0.025371,0.098764,0.649172,0.079647,0.141011,0.046303,0.072218,0.069589,0.010618,0.012097,0.102757,0.049389,0.052250,0.040853,0.056022,0.014880,0.120788,0.014167,0.083649,0.050411,0.051868,0.033886,0.079645,0.066413,0.061389,0.095892,0.043037,0.036955,0.143536,0.110453,-0.030773,0.140901,0.063497,0.089963,0.077317,0.032824,0.035160,0.208574,0.215785,0.201242,0.189077,0.192984,0.208176,0.179638,0.050542,0.005078,0.019344,0.075118,0.071146,0.089550,0.075830,0.051856,0.038383,0.027327,0.000670,0.079365,0.025381,-0.009081,0.090983,-0.022661,-0.007285,0.012451,0.025713,0.029783,0.072026,0.041763,0.046985,0.042928,0.038399,0.016284,0.027166,0.000058,0.010327,0.035759,0.120151,0.036694,0.059649,0.112414,0.033361,0.153003,0.210726,0.102218,0.100337,0.151211,0.143235,0.011756,0.115568,0.026351,0.123351,0.079006,0.035070,0.081744,0.031276,0.053510,0.060385,0.040662,0.036666
7,Rhinoceros Auklet,0,0.298765,0.219622,0.318352,0.062988,0.774956,0.641037,0.758337,1.000000,0.113781,0.059213,0.128926,0.013447,0.051682,-0.013739,-0.047869,-0.003664,0.068509,0.132837,0.128737,0.062061,0.086097,0.192968,0.340465,0.326134,0.317243,0.077388,0.119195,-0.008442,0.144856,0.124533,0.133642,0.189723,0.188899,0.070070,-0.005309,0.031160,0.027960,0.071537,0.032392,0.094238,0.063277,0.046761,0.031033,0.177367,0.328155,0.129938,0.029805,0.024203,0.084394,0.301222,0.285973,0.312873,0.291360,0.001729,0.124338,-0.005347,0.059036,0.542394,0.141336,0.142431,0.211553,0.136893,0.184527,0.129230,0.175043,0.141583,0.011976,0.026283,0.023519,-0.007873,0.291187,0.305915,0.040176,0.056486,0.015698,0.079508,0.082177,0.109877,0.218353,0.197931,0.159868,0.209972,0.195062,0.226176,0.021872,0.450922,0.071973,-0.035945,0.208472,0.316907,0.057275,0.215433,0.109488,0.021594,0.076415,0.059740,0.035825,0.058944,0.082897,0.081955,0.083787,0.040242,0.052649,0.042025,0.180353,0.539342,0.126216,0.167860,0.041375,0.107867,0.130941,0.065066,0.043745,0.118188,0.089606,0.085286,0.094158,0.117705,0.040984,0.128818,0.034429,0.065783,0.065179,0.039498,0.066100,0.053153,0.089724,0.107995,0.100430,0.055682,0.066489,0.179854,0.163312,0.019481,0.169804,0.087927,0.126394,0.091732,0.042311,0.049629,0.150432,0.263289,0.205113,0.184847,0.165303,0.231449,0.221669,0.105216,0.028247,0.031527,0.057614,0.036972,0.039493,0.059412,0.031336,0.032832,-0.003266,-0.041253,0.042916,0.012739,-0.023401,0.084690,-0.087173,-0.012899,-0.021727,0.069301,0.025849,0.071615,0.000971,0.069845,-0.019734,0.013000,-0.000489,-0.010545,-0.035839,-0.030085,-0.001462,0.153590,0.020125,0.019954,0.131087,-0.010356,0.180332,0.225543,0.155902,0.140736,0.149197,0.163795,0.020347,0.098041,0.020606,0.108130,0.100375,0.076396,0.105405,0.082511,0.083790,0.057668,0.080205,0.040083
8,Brewer Blackbird,0,0.054291,0.008772,0.084585,0.343678,0.157404,0.138348,0.066947,0.113781,1.000000,0.568752,0.749666,0.420374,0.390978,0.316420,0.189803,0.217716,0.052954,0.170562,0.281997,0.111437,0.120264,0.053039,0.235001,0.257480,0.302266,0.880859,0.923660,0.003940,0.705872,0.756007,0.064628,0.085697,0.059398,0.211509,0.055872,0.103096,-0.057514,-0.035849,-0.048136,0.041246,0.058012,0.101553,-0.035415,0.085561,0.042048,0.010526,0.027363,-0.004939,0.926263,0.072733,0.061627,0.082485,0.037240,0.285111,0.075776,0.062070,0.069373,0.178626,0.032447,0.030414,0.037322,0.029139,0.102570,0.039370,0.024828,0.037002,0.059642,0.035053,0.008656,0.136623,0.075181,0.059301,0.072403,0.288049,0.175253,0.059525,0.044368,0.042381,0.052647,0.066071,0.023011,0.023484,0.055015,0.021457,0.164345,0.066719,0.033637,0.075382,0.059810,-0.010468,0.171198,0.046209,0.262943,0.088439,0.086044,0.149879,0.273725,0.182620,0.072385,-0.033822,-0.043624,-0.014571,0.073524,0.181736,0.042898,0.029650,0.545937,0.450538,0.177860,0.056765,0.048601,0.040317,0.077526,0.096555,0.037327,0.061868,0.037113,0.080909,0.029026,0.124225,0.091278,0.044613,0.061910,0.056054,0.083387,0.096021,0.058934,0.188069,0.067469,0.038913,0.055786,0.100931,0.069504,0.875807,0.106658,0.217362,0.176557,0.199071,0.178902,0.148226,0.027023,0.202499,0.001532,0.024196,0.016346,0.016290,0.020550,0.094537,0.110283,0.212140,0.052129,-0.009396,-0.017654,-0.019076,-0.006628,-0.002396,0.029649,0.029499,0.102701,0.187760,0.116721,0.099103,0.092838,0.086032,0.067353,0.115276,0.077270,0.088641,0.087480,0.060100,0.121114,0.049222,0.062891,0.132918,0.051633,0.090500,0.160291,0.111957,0.098118,0.047358,0.063605,0.085835,0.138111,0.101965,0.041759,0.075053,0.073667,0.126732,0.063736,0.057433,0.163142,0.044226,0.096184,0.107679,0.058411,0.142511,0.060697,0.151899,0.131416,0.054119
9,Red winged Blackbird,0,-0.026711,-0.058055,0.003139,0.246010,0.053514,0.050853,0.014006,0.059213,0.568752,1.000000,0.437450,0.649588,0.694381,0.166625,0.155825,0.091314,0.024267,0.021806,0.157195,0.120609,0.178176,0.033219,0.117354,0.136363,0.183445,0.619066,0.620780,-0.048266,0.448614,0.497454,0.031868,0.007246,0.018448,0.228536,0.082322,0.010542,-0.023083,-0.019482,-0.010137,0.024954,0.048530,0.119318,-0.005139,0.062512,0.007042,0.067044,0.069733,0.134453,0.595334,0.066323,0.051044,0.058797,0.017150,0.251659,0.162102,0.154377,0.321399,0.249700,0.019520,0.027504,0.025733,0.021529,0.036685,0.032814,0.012890,0.020964,0.053659,0.020792,0.008388,0.064949,0.028369,-0.001824,-0.007995,0.147576,0.047475,0.026897,0.024962,0.028590,-0.009898,0.026809,0.007151,-0.020276,-0.007414,0.006897,0.130710,0.067077,0.042313,0.109406,0.068317,0.014810,0.110314,0.047133,0.216108,0.004095,0.316336,0.353358,0.402186,0.385136,0.026825,0.011832,-0.016664,-0.007497,0.051613,0.091114,0.030863,0.019840,0.358123,0.362552,0.410983,0.018812,0.080551,0.069476,0.120975,0.122411,0.072879,0.073470,0.079697,0.101247,0.063985,0.063250,0.110170,0.131177,0.104305,0.093710,0.073130,0.170274,0.096612,0.209360,0.074306,0.074602,0.067827,0.079720,0.054703,0.467100,0.047477,0.127239,0.131785,0.066069,0.244103,0.089983,0.022875,0.135492,0.021906,0.027071,0.028546,0.035312,0.021177,0.136938,0.041969,0.092533,0.030841,0.023318,0.013928,0.012024,0.036426,-0.011965,0.079498,0.115545,0.127741,0.219531,0.162620,0.016908,0.199062,0.120393,0.150130,0.298791,0.039009,-0.004542,0.141873,-0.011335,0.217406,0.023397,0.035420,0.157111,0.058464,0.104699,0.100174,0.063009,0.070868,-0.027570,0.026016,0.052188,0.060709,0.031131,-0.025515,-0.022597,0.049945,0.119032,0.046957,0.036444,0.183697,0.068623,0.048585,0.033877,0.010094,0.049194,0.081266,0.061283,0.033017,0.063660
10,Rusty Blackbird,0,0.096797,0.016728,0.104987,0.242672,0.150333,0.162520,0.066357,0.128926,0.749666,0.437450,1.000000,0.409563,0.387786,0.318845,0.220672,0.229028,0.089238,0.269738,0.408463,0.106723,0.136660,0.126263,0.147293,0.092984,0.178248,0.681847,0.744113,-0.021706,0.523716,0.509449,0.114832,0.124687,0.077185,0.430851,0.147280,0.166294,-0.028584,-0.021992,-0.023481,0.107835,0.105589,0.094696,-0.001370,0.010465,0.068680,0.048177,0.059923,0.039844,0.699280,0.085623,0.082621,0.111028,0.030756,0.364807,0.141072,0.267578,0.079925,0.131193,0.007223,0.019429,0.032622,0.016936,0.090971,0.017761,0.026599,0.009201,0.036589,0.020915,0.007796,0.070229,0.103461,0.112468,0.070003,0.349077,0.098617,0.081612,0.049418,0.072643,0.056692,0.098527,-0.011078,0.061914,0.092234,0.003359,0.212365,0.080756,-0.031726,0.040791,0.028080,0.005279,0.302552,0.112188,0.358250,0.106727,0.059882,0.108529,0.267756,0.167152,0.128460,-0.019626,-0.034238,0.036251,0.080998,0.269983,0.088056,-0.002272,0.358338,0.299883,0.158525,0.028471,0.135765,0.135828,0.087179,0.155101,0.079552,0.103560,0.059550,0.163534,0.063459,0.265456,0.072392,0.094806,0.076476,0.049562,0.145187,0.150575,0.060650,0.351148,0.114334,0.107671,0.054066,0.124056,0.130216,0.587119,0.089054,0.148127,0.164458,0.077132,0.174366,0.198884,0.001845,0.130814,-0.040076,-0.008229,-0.011825,-0.025283,-0.036816,0.209848,0.235191,0.350445,-0.013140,-0.011839,0.017373,0.039407,0.030978,-0.017707,0.037438,0.042350,0.064100,0.147517,0.140206,0.080664,0.137764,0.038804,0.021124,0.135740,0.064430,0.083226,0.067132,0.070353,0.136379,0.100062,0.170331,0.218644,0.089295,0.090237,0.163452,0.223550,0.241958,0.048667,0.148492,0.061826,0.238576,0.173925,0.085309,0.107503,0.121648,0.135836,0.091197,0.055955,0.132055,0.038473,0.186738,0.128814,0.130513,0.281046,0.112965,0.258380,0.258896,0.072157
11,Yellow headed Blackbird,0,0.026629,0.033196,0.019376,0.177027,0.009559,0.052082,0.010984,0.013447,0.420374,0.649588,0.409563,1.000000,0.709512,0.148724,0.170534,0.109105,0.072726,-0.000792,0.132759,0.374375,0.120958,0.009987,0.137112,0.144635,0.181391,0.452446,0.443426,-0.005732,0.267817,0.299615,0.084277,0.080525,0.064078,0.161715,0.090807,0.100759,-0.023995,0.021642,-0.016076,0.051415,0.133963,0.201075,0.031798,0.092739,0.043607,0.071670,0.240375,0.123849,0.470147,0.117755,0.113548,0.115657,0.113031,0.191036,0.129052,0.158726,0.323123,0.083782,0.074685,0.071528,0.075481,0.065245,0.073252,0.069607,0.067689,0.082434,0.036202,0.027563,0.012580,0.036732,0.128469,0.079482,0.015859,0.124167,0.140347,-0.017190,0.157380,0.087528,0.032034,0.111198,0.076093,0.005959,0.045019,0.048536,0.234548,0.138821,0.030894,0.290596,0.106075,0.040218,0.180923,0.032227,0.203417,0.045655,0.356267,0.449795,0.344057,0.415490,0.068489,0.077237,0.043158,0.021198,0.061282,0.122292,0.021877,0.051105,0.200764,0.283774,0.314670,0.036567,0.114766,0.096281,0.186401,0.153028,0.065601,0.059137,0.072313,0.099483,0.062951,0.041142,0.165461,0.171790,0.140578,0.189608,0.078308,0.233180,0.131670,0.248038,0.075461,0.055225,0.074049,0.081938,0.041257,0.358342,0.098054,0.187642,0.214216,0.096411,0.344823,0.135773,-0.005967,0.058975,0.002712,0.000883,0.003402,0.001787,0.007934,0.102445,0.059384,0.100846,0.037182,0.005586,0.102863,0.065351,0.066084,0.028233,0.223936,0.142101,0.131072,0.207071,0.414938,0.199919,0.356783,0.121402,0.156759,0.257589,0.251921,0.206069,0.270903,0.110297,0.286336,0.153276,0.134486,0.260111,0.227367,0.306984,0.310680,0.154325,0.130234,0.175121,0.117703,0.236396,0.101451,0.067271,0.000062,0.025877,0.095850,0.180040,0.141940,0.090041,0.235598,0.130310,0.046424,0.040524,0.008536,0.031881,0.099615,0.034117,0.003267,0.285071
12,Bobolink,0,-0.045610,-0.023650,-0.014401,0.148106,0.028853,0.054050,0.031006,0.051682,0.390978,0.694381,0.387786,0.709512,1.000000,0.215640,0.187529,0.115684,0.128245,0.048101,0.114511,0.133192,0.149062,0.053876,0.063915,0.087557,0.132192,0.438065,0.450394,-0.001649,0.248313,0.274393,-0.052483,-0.036786,-0.026177,0.344453,0.189987,0.115931,0.011603,0.029327,0.018769,0.094444,0.175429,0.152562,0.029072,-0.016206,0.006487,0.087132,0.208132,0.171052,0.391450,0.109581,0.117437,0.107690,0.093121,0.302720,0.169532,0.189689,0.331834,0.136922,0.066941,0.062496,0.041022,0.072992,0.056468,0.065798,0.055644,0.070077,0.073769,0.058015,0.038053,0.036274,0.044269,0.011872,0.007924,0.055915,0.094992,0.107031,0.090842,0.074119,0.023187,0.067773,0.125449,-0.002567,0.008033,0.032881,0.272202,0.151478,0.045798,0.233899,0.166273,0.077667,0.170870,0.079644,0.203945,0.098399,0.317089,0.371207,0.352344,0.372258,0.075195,0.110774,0.079426,0.069823,0.090426,0.170835,0.065125,0.088858,0.184180,0.290853,0.316859,0.013563,0.161242,0.136853,0.292567,0.203959,0.197472,0.157921,0.202680,0.241268,0.203852,0.136742,0.259132,0.296843,0.230608,0.207017,0.172240,0.253542,0.206904,0.292912,0.143138,0.134945,0.197747,0.169775,0.132754,0.308525,0.134814,0.157635,0.235223,0.090144,0.239696,0.109773,0.053797,0.070718,-0.010111,0.042908,0.015091,0.016705,-0.000951,0.139378,0.066115,0.133811,0.032673,-0.023172,0.007933,0.019012,0.052232,-0.042053,0.087089,0.137363,0.193812,0.224735,0.250342,0.122175,0.239759,0.109948,0.173606,0.268669,0.191452,0.104709,0.195057,0.085586,0.223629,0.082508,0.081886,0.219393,0.123697,0.181594,0.158287,0.129422,0.104791,0.100661,0.105578,0.161532,0.073397,0.056053,-0.004819,0.011715,0.131852,0.147872,0.102853,0.137669,0.163150,0.158707,0.051858,0.074429,0.020021,0.064804,0.150238,0.056974,0.046800,0.175205
13,Indigo Bunting,0,0.032981,0.034210,0.050071,0.089518,-0.043775,-0.048695,-0.050944,-0.013739,0.316420,0.166625,0.318845,0.148724,0.215640,1.000000,0.730098,0.743429,0.205145,0.187956,0.137967,0.087198,0.098769,0.057162,0.049643,0.032438,0.065360,0.323998,0.387352,0.011890,0.166285,0.175388,-0.040866,-0.050560,-0.048619,0.330099,0.304058,0.016740,0.129240,0.057736,0.096484,0.065766,0.029778,0.153416,0.132038,0.017854,0.071873,0.027021,0.157900,0.026940,0.310714,0.034885,0.024553,0.031984,0.043268,0.898434,0.166983,0.228818,0.194716,-0.048460,-0.001320,0.006927,-0.026374,0.006210,0.037427,-0.000193,-0.002255,-0.000333,0.057403,0.053747,0.017192,0.131344,-0.055387,0.006022,0.067020,0.257851,0.195990,0.315860,0.036036,0.027111,0.065787,0.084319,-0.009846,0.103589,0.171019,0.015573,0.068295,0.027475,0.048343,0.059432,0.006439,0.001130,0.055264,0.010452,0.061479,0.085456,0.222828,0.176271,0.339623,0.194752,0.052303,0.021369,0.019343,0.106497,0.112663,0.071844,0.055062,-0.086734,0.123277,0.057432,0.135519,0.004575,0.023612,0.028221,0.082182,0.062579,0.091453,0.119795,0.089600,0.110182,0.126876,0.114202,0.101239,0.109307,0.084962,0.051256,0.094421,0.120951,0.044395,0.147082,0.021980,0.052721,0.060908,0.085790,0.066818,0.384656,0.059613,0.125412,0.150232,0.145631,0.380096,0.381509,0.017523,-0.001280,-0.024481,0.005624,-0.000999,-0.019325,-0.030813,0.186211,0.017683,0.024207,0.134969,0.072555,0.062782,0.076823,0.075160,0.090385,0.145973,0.233136,0.089316,0.227131,0.250924,0.125143,0.112896,0.252184,0.137220,0.142072,0.158271,0.088767,0.096280,0.211603,0.074469,0.170407,0.164969,0.099166,0.187323,0.101000,0.298662,0.073358,0.180317,0.206312,0.084399,0.219948,0.026417,0.002537,-0.023044,0.013642,-0.004233,0.004984,0.014010,0.007459,0.079736,-0.011002,0.026100,-0.011652,0.030781,0.067401,0.060775,0.016438,0.054069,0.081683
14,Lazuli Bunting,0,0.022156,0.027883,0.006644,0.063254,-0.089581,-0.071003,-0.065194,-0.047869,0.189803,0.155825,0.220672,0.170534,0.187529,0.730098,1.000000,0.679254,0.122036,0.116610,0.036011,0.225475,0.247034,0.026799,0.014909,-0.003064,0.025621,0.190409,0.243040,0.022205,0.051417,0.067790,-0.077929,-0.049768,-0.100389,0.347884,0.296766,0.001162,0.201588,0.084803,0.163182,0.073693,0.069661,0.137428,0.191573,0.008663,0.033500,0.050106,0.222271,0.136263,0.208277,0.038446,0.048478,0.033569,0.047999,0.702668,0.196261,0.365215,0.329500,-0.037232,0.031035,0.031010,-0.019955,0.035194,0.013614,0.022314,0.023230,0.029632,0.012573,0.017345,-0.006791,0.082543,-0.061192,0.006607,0.125712,0.368785,0.216740,0.355941,0.084159,0.055240,0.142219,0.153953,0.052705,0.160991,0.151418,0.023550,0.121403,0.047269,0.114230,0.082941,0.042797,0.019938,0.118796,0.003730,0.059882,0.093784,0.310379,0.245908,0.394143,0.314971,-0.000540,0.039494,0.030257,0.115833,0.129404,0.104341,0.022788,-0.076284,0.034635,-0.001166,0.303182,0.020856,0.117959,0.123237,0.095442,0.154532,0.096299,0.181593,0.137570,0.139354,0.183294,0.078453,0.156160,0.193820,0.079820,0.092349,0.092866,0.168010,0.050774,0.109259,0.035027,0.189614,0.102955,0.138915,0.101913,0.269598,0.083396,0.213540,0.226051,0.229304,0.262735,0.204811,-0.030308,-0.051549,-0.067840,-0.044583,-0.045575,-0.065501,-0.080008,0.188850,-0.001127,0.027544,0.307046,0.307233,0.148278,0.098717,0.092668,0.256033,0.341203,0.547667,0.197828,0.452821,0.357386,0.191911,0.221101,0.460219,0.378507,0.290624,0.174363,0.121449,0.285614,0.261616,0.261950,0.239601,0.188771,0.178549,0.351375,0.175863,0.308940,0.021559,0.208433,0.184124,0.070339,0.193595,-0.019927,-0.001714,-0.039729,-0.005502,-0.014678,-0.060054,0.016102,-0.016307,0.091065,0.007586,-0.011424,-0.005179,0.002882,-0.020529,0.048240,0.004363,-0.033730,0.158960
15,Painted Bunting,0,0.050611,0.031979,0.050508,0.043903,-0.017633,-0.023786,-0.023102,-0.003664,0.217716,0.091314,0.229028,0.109105,0.115684,0.743429,0.679254,1.000000,0.262226,0.343756,0.075350,0.285410,0.210510,0.047836,-0.012428,0.005147,0.004764,0.275031,0.287413,-0.010626,0.079807,0.085144,0.078699,0.084023,0.032091,0.292169,0.379416,0.031873,0.171147,0.143664,0.125478,0.074018,0.041581,0.254823,0.199745,0.001651,0.065200,-0.009460,0.188595,0.124867,0.225273,0.033239,0.022362,0.008953,0.032947,0.680742,0.289086,0.243120,0.283735,-0.039259,-0.028406,-0.031761,-0.055199,-0.022343,0.011265,-0.032351,-0.025977,-0.028740,0.003365,0.022229,-0.006853,0.090543,-0.062135,-0.013747,0.002304,0.218711,0.353505,0.314854,0.137942,0.055561,0.089759,0.129519,-0.022290,0.164264,0.205148,0.011459,0.048812,0.011240,0.051033,0.083528,0.004770,0.007419,0.031169,0.033647,0.032603,0.034777,0.329125,0.289922,0.404682,0.285220,0.121057,-0.009433,0.004035,0.095461,0.131166,0.068638,0.058219,-0.060332,0.047168,0.002885,0.211890,0.049169,0.082026,0.069356,0.079405,0.146452,0.066456,0.087515,0.081739,0.093650,0.117615,0.166602,0.099074,0.068963,0.073042,0.072923,0.090727,0.120222,0.056054,0.197052,0.037245,0.016134,0.088077,0.040198,0.058324,0.361617,0.025967,0.134094,0.135494,0.111068,0.475073,0.537033,0.031609,-0.010261,-0.017173,0.016918,0.000503,-0.014893,-0.016955,0.353554,0.055221,0.035396,0.315291,0.207696,0.214998,0.215444,0.148706,0.267072,0.249290,0.306170,0.071573,0.262011,0.325493,0.268121,0.164673,0.239089,0.239720,0.242270,0.340376,0.283256,0.182874,0.435474,0.123227,0.365610,0.334138,0.176835,0.278688,0.171012,0.418713,0.165079,0.316563,0.370646,0.185799,0.339693,0.076417,0.078541,-0.048521,-0.001914,-0.001984,-0.011084,0.009218,-0.022429,0.115067,-0.030794,0.017824,-0.016644,0.023853,0.052490,0.033008,0.030659,0.009426,0.225634
16,Cardinal,0,0.016412,0.033681,0.027650,0.074244,0.109372,0.030707,0.078585,0.068509,0.052954,0.024267,0.089238,0.072726,0.128245,0.205145,0.122036,0.262226,1.000000,0.151565,0.156745,0.054888,0.162960,0.042987,-0.028211,0.019736,-0.009665,0.094539,0.097985,-0.008226,0.054222,0.033156,0.020516,0.036172,0.031536,0.265458,0.306286,0.118838,0.056197,0.135987,0.040864,0.048346,0.062787,0.318288,0.067106,0.004312,0.033843,-0.042519,0.077080,0.281101,0.066967,0.038371,0.044811,0.021779,-0.009310,0.210957,0.219913,0.245181,0.240529,0.014245,0.007120,0.000933,0.024578,-0.006748,-0.014693,-0.017964,-0.007428,0.015407,0.102261,0.143821,0.124761,0.062417,-0.025088,-0.011667,0.231802,0.066881,0.262595,0.232361,0.088578,0.013914,0.064728,0.008698,0.034843,0.034939,0.057700,0.008351,0.209600,-0.006692,-0.013317,0.113402,0.067240,0.077909,0.022021,0.007556,0.044277,0.014153,0.138254,0.158965,0.205767,0.104861,0.080136,0.010972,0.017374,0.068579,0.106427,0.058987,0.042793,0.096993,0.042400,0.012710,0.118592,0.049492,-0.003561,-0.031087,0.133930,0.275017,0.107053,0.044270,0.108933,0.162608,0.137327,0.237347,0.116493,0.223382,0.137453,0.112915,0.128802,0.125884,0.108058,0.196266,0.143938,0.058705,0.112406,0.113980,0.117482,0.085984,0.019881,0.078873,0.112743,-0.005490,0.284306,0.565626,0.009784,-0.019824,0.004360,-0.001752,-0.006094,-0.021479,-0.022222,0.367103,0.115024,0.056500,-0.004929,-0.048285,-0.029781,-0.035387,-0.034706,-0.028766,-0.062615,-0.002835,-0.076997,0.061480,0.028190,0.092209,-0.054754,-0.052212,0.010832,0.097434,0.185308,0.183449,-0.038377,0.220493,-0.028344,0.085865,0.066248,0.059445,-0.011823,-0.007569,0.038365,0.082634,0.033737,0.095805,0.080391,0.054776,0.014606,0.034401,0.160062,0.152245,0.018691,0.070867,0.013461,0.016392,0.070235,0.029316,0.049475,0.042615,0.090334,0.111631,0.072447,0.033767,0.093725,0.199135
17,Spotted Catbird,0,0.047053,0.004991,0.026073,0.217192,0.128154,0.112760,0.099329,0.132837,0.170562,0.021806,0.269738,-0.000792,0.048101,0.187956,0.116610,0.343756,0.151565,1.000000,0.096228,0.131577,0.136247,0.104378,0.031979,0.097550,0.071578,0.273974,0.243750,0.063718,0.175223,0.154258,0.186473,0.188824,0.117325,0.153571,0.209720,0.110169,0.074470,0.059459,0.013603,0.042876,-0.019004,-0.029695,0.111888,-0.031034,0.013964,0.011172,0.034775,0.209887,0.171543,0.005946,0.006595,0.061947,-0.026538,0.210426,0.219439,0.044292,0.085866,-0.004555,-0.007935,-0.006138,-0.007637,0.001759,-0.002683,-0.023422,0.009130,-0.006984,0.048860,0.009750,-0.014600,0.112570,-0.026737,-0.008392,0.103906,0.210587,0.447094,0.001686,0.048806,0.008348,0.143611,0.227785,0.063484,0.212271,0.260831,0.008941,0.022095,-0.018953,-0.002699,-0.018206,0.045957,0.023551,0.017096,0.049496,0.083829,-0.012359,0.016111,0.086759,0.095343,0.096545,0.269392,-0.003124,-0.028277,-0.022615,0.002310,0.024552,0.077307,0.039652,0.129618,0.118087,0.052651,0.284323,0.123424,0.085848,0.082416,0.155422,0.036466,0.045885,0.038375,0.116146,0.031351,0.289963,0.036590,0.049397,0.126753,0.098306,0.130985,0.100723,0.115004,0.295988,0.160336,0.003698,0.106474,0.040288,0.116558,0.269150,-0.054633,-0.003440,0.023092,-0.002841,0.007057,0.144246,0.002289,-0.030621,-0.022518,-0.003119,-0.007243,-0.037801,-0.037473,0.340154,0.253759,0.201713,0.202657,0.112980,0.142065,0.200704,0.041401,0.126002,0.025573,-0.000725,0.054661,0.076474,-0.026673,0.073557,0.022953,-0.053510,0.088086,0.157487,0.209883,0.243312,-0.015589,0.189944,-0.012448,0.101572,0.184719,0.095349,-0.040736,0.014666,0.022893,0.261161,0.255607,0.144360,0.276475,0.041546,0.296749,0.273334,0.043470,0.066808,0.223903,0.194015,0.033180,0.153631,0.085295,0.122710,0.077244,0.154453,0.120893,0.073137,0.007003,0.057713,0.087237,0.181857
18,Gray Catbird,0,0.079629,0.038583,0.134886,0.183438,0.099454,0.085053,0.052954,0.128737,0.281997,0.157195,0.408463,0.132759,0.114511,0.137967,0.036011,0.075350,0.156745,0.096228,1.000000,0.122819,0.071788,-0.011124,0.009751,-0.006190,0.016875,0.245261,0.320299,-0.008720,0.279767,0.242962,0.281903,0.352000,0.289226,0.072314,0.032373,0.090723,0.104188,0.180197,0.150365,0.154870,0.169163,0.172044,0.163664,-0.031991,0.148888,0.069682,-0.035229,-0.070617,0.263390,0.053050,0.034274,0.028586,0.028245,0.085751,-0.005057,0.125115,-0.030439,0.114024,0.055788,0.058424,0.118230,0.058277,0.085796,0.065661,0.057339,0.047902,-0.007360,0.002955,0.000367,0.041901,0.113750,0.074079,0.192381,0.358841,0.142932,0.111367,0.174529,0.212175,0.107617,0.037194,-0.000930,0.074124,0.019517,0.087133,0.003053,0.075884,-0.048475,-0.006883,0.047982,0.033695,0.348939,-0.024868,0.331394,0.358246,0.029919,0.052922,0.130551,0.045601,0.137138,-0.022362,-0.029646,0.155850,0.231856,0.062034,0.015833,0.044864,0.162973,0.105224,0.086397,0.057915,0.097735,0.059018,-0.030049,0.136412,0.113885,0.145052,0.084482,0.053285,0.103206,0.210720,0.009981,0.037002,0.034870,0.003255,0.112079,0.130046,0.015160,0.221802,0.113704,0.087947,-0.032348,0.206268,0.134949,0.166014,0.026644,0.012951,-0.019477,0.012023,0.119402,0.256866,0.056992,0.292114,0.094243,0.103119,0.079688,0.095667,0.115652,0.316326,0.187713,0.173685,0.015049,0.034773,0.127547,0.145522,0.222920,0.111199,0.078372,0.011161,0.074926,0.164715,0.150099,0.167556,0.052133,0.165503,0.030076,0.150318,0.163346,0.149075,0.057225,0.172681,0.082173,0.208366,0.219662,0.146979,0.070365,0.038320,0.266600,0.298558,0.235120,0.230926,0.223589,0.172743,0.167907,0.145246,0.096112,0.114914,0.020579,0.066362,0.115510,0.005790,0.093107,0.008845,0.265171,0.081274,0.148764,0.308625,0.181365,0.137742,0.226705,0.126502
